 # tiempo		x		  y		  vx		  vy
   0.000000E+00   0.000000E+00   0.000000E+00   0.141421E+02   0.141421E+02
   0.481025E-02   0.680272E-01   0.679138E-01   0.141421E+02   0.140950E+02
   0.962050E-02   0.136054E+00   0.135601E+00   0.141421E+02   0.140479E+02
   0.144308E-01   0.204082E+00   0.203061E+00   0.141421E+02   0.140007E+02
   0.192410E-01   0.272109E+00   0.270295E+00   0.141421E+02   0.139536E+02
   0.240513E-01   0.340136E+00   0.337302E+00   0.141421E+02   0.139064E+02
   0.288615E-01   0.408163E+00   0.404082E+00   0.141421E+02   0.138593E+02
   0.336718E-01   0.476190E+00   0.470635E+00   0.141421E+02   0.138122E+02
   0.384820E-01   0.544218E+00   0.536961E+00   0.141421E+02   0.137650E+02
   0.432923E-01   0.612245E+00   0.603061E+00   0.141421E+02   0.137179E+02
   0.481025E-01   0.680272E+00   0.668934E+00   0.141421E+02   0.136707E+02
   0.529128E-01   0.748299E+00   0.734580E+00   0.141421E+02   0.136236E+02
   0.577230E-01   0.816327E+00   0.800000E+00   0.141421E+02   0.135765E+02
   0.625333E-01   0.884354E+00   0.865193E+00   0.141421E+02   0.135293E+02
   0.673435E-01   0.952381E+00   0.930159E+00   0.141421E+02   0.134822E+02
   0.721538E-01   0.102041E+01   0.994898E+00   0.141421E+02   0.134350E+02
   0.769640E-01   0.108844E+01   0.105941E+01   0.141421E+02   0.133879E+02
   0.817743E-01   0.115646E+01   0.112370E+01   0.141421E+02   0.133407E+02
   0.865845E-01   0.122449E+01   0.118776E+01   0.141421E+02   0.132936E+02
   0.913948E-01   0.129252E+01   0.125159E+01   0.141421E+02   0.132465E+02
   0.962050E-01   0.136054E+01   0.131519E+01   0.141421E+02   0.131993E+02
   0.101015E+00   0.142857E+01   0.137857E+01   0.141421E+02   0.131522E+02
   0.105826E+00   0.149660E+01   0.144172E+01   0.141421E+02   0.131050E+02
   0.110636E+00   0.156463E+01   0.150465E+01   0.141421E+02   0.130579E+02
   0.115446E+00   0.163265E+01   0.156735E+01   0.141421E+02   0.130108E+02
   0.120256E+00   0.170068E+01   0.162982E+01   0.141421E+02   0.129636E+02
   0.125067E+00   0.176871E+01   0.169206E+01   0.141421E+02   0.129165E+02
   0.129877E+00   0.183673E+01   0.175408E+01   0.141421E+02   0.128693E+02
   0.134687E+00   0.190476E+01   0.181587E+01   0.141421E+02   0.128222E+02
   0.139497E+00   0.197279E+01   0.187744E+01   0.141421E+02   0.127751E+02
   0.144308E+00   0.204082E+01   0.193878E+01   0.141421E+02   0.127279E+02
   0.149118E+00   0.210884E+01   0.199989E+01   0.141421E+02   0.126808E+02
   0.153928E+00   0.217687E+01   0.206077E+01   0.141421E+02   0.126336E+02
   0.158738E+00   0.224490E+01   0.212143E+01   0.141421E+02   0.125865E+02
   0.163549E+00   0.231293E+01   0.218186E+01   0.141421E+02   0.125394E+02
   0.168359E+00   0.238095E+01   0.224206E+01   0.141421E+02   0.124922E+02
   0.173169E+00   0.244898E+01   0.230204E+01   0.141421E+02   0.124451E+02
   0.177979E+00   0.251701E+01   0.236179E+01   0.141421E+02   0.123979E+02
   0.182790E+00   0.258503E+01   0.242132E+01   0.141421E+02   0.123508E+02
   0.187600E+00   0.265306E+01   0.248061E+01   0.141421E+02   0.123037E+02
   0.192410E+00   0.272109E+01   0.253968E+01   0.141421E+02   0.122565E+02
   0.197220E+00   0.278912E+01   0.259853E+01   0.141421E+02   0.122094E+02
   0.202031E+00   0.285714E+01   0.265714E+01   0.141421E+02   0.121622E+02
   0.206841E+00   0.292517E+01   0.271553E+01   0.141421E+02   0.121151E+02
   0.211651E+00   0.299320E+01   0.277370E+01   0.141421E+02   0.120680E+02
   0.216461E+00   0.306122E+01   0.283163E+01   0.141421E+02   0.120208E+02
   0.221272E+00   0.312925E+01   0.288934E+01   0.141421E+02   0.119737E+02
   0.226082E+00   0.319728E+01   0.294683E+01   0.141421E+02   0.119265E+02
   0.230892E+00   0.326531E+01   0.300408E+01   0.141421E+02   0.118794E+02
   0.235702E+00   0.333333E+01   0.306111E+01   0.141421E+02   0.118323E+02
   0.240513E+00   0.340136E+01   0.311791E+01   0.141421E+02   0.117851E+02
   0.245323E+00   0.346939E+01   0.317449E+01   0.141421E+02   0.117380E+02
   0.250133E+00   0.353741E+01   0.323084E+01   0.141421E+02   0.116908E+02
   0.254943E+00   0.360544E+01   0.328696E+01   0.141421E+02   0.116437E+02
   0.259754E+00   0.367347E+01   0.334286E+01   0.141421E+02   0.115966E+02
   0.264564E+00   0.374150E+01   0.339853E+01   0.141421E+02   0.115494E+02
   0.269374E+00   0.380952E+01   0.345397E+01   0.141421E+02   0.115023E+02
   0.274184E+00   0.387755E+01   0.350918E+01   0.141421E+02   0.114551E+02
   0.278995E+00   0.394558E+01   0.356417E+01   0.141421E+02   0.114080E+02
   0.283805E+00   0.401361E+01   0.361893E+01   0.141421E+02   0.113608E+02
   0.288615E+00   0.408163E+01   0.367347E+01   0.141421E+02   0.113137E+02
   0.293425E+00   0.414966E+01   0.372778E+01   0.141421E+02   0.112666E+02
   0.298236E+00   0.421769E+01   0.378186E+01   0.141421E+02   0.112194E+02
   0.303046E+00   0.428571E+01   0.383571E+01   0.141421E+02   0.111723E+02
   0.307856E+00   0.435374E+01   0.388934E+01   0.141421E+02   0.111251E+02
   0.312666E+00   0.442177E+01   0.394274E+01   0.141421E+02   0.110780E+02
   0.317477E+00   0.448980E+01   0.399592E+01   0.141421E+02   0.110309E+02
   0.322287E+00   0.455782E+01   0.404887E+01   0.141421E+02   0.109837E+02
   0.327097E+00   0.462585E+01   0.410159E+01   0.141421E+02   0.109366E+02
   0.331907E+00   0.469388E+01   0.415408E+01   0.141421E+02   0.108894E+02
   0.336718E+00   0.476190E+01   0.420635E+01   0.141421E+02   0.108423E+02
   0.341528E+00   0.482993E+01   0.425839E+01   0.141421E+02   0.107952E+02
   0.346338E+00   0.489796E+01   0.431020E+01   0.141421E+02   0.107480E+02
   0.351148E+00   0.496599E+01   0.436179E+01   0.141421E+02   0.107009E+02
   0.355959E+00   0.503401E+01   0.441315E+01   0.141421E+02   0.106537E+02
   0.360769E+00   0.510204E+01   0.446429E+01   0.141421E+02   0.106066E+02
   0.365579E+00   0.517007E+01   0.451519E+01   0.141421E+02   0.105595E+02
   0.370389E+00   0.523810E+01   0.456587E+01   0.141421E+02   0.105123E+02
   0.375200E+00   0.530612E+01   0.461633E+01   0.141421E+02   0.104652E+02
   0.380010E+00   0.537415E+01   0.466655E+01   0.141421E+02   0.104180E+02
   0.384820E+00   0.544218E+01   0.471655E+01   0.141421E+02   0.103709E+02
   0.389630E+00   0.551020E+01   0.476633E+01   0.141421E+02   0.103238E+02
   0.394441E+00   0.557823E+01   0.481587E+01   0.141421E+02   0.102766E+02
   0.399251E+00   0.564626E+01   0.486519E+01   0.141421E+02   0.102295E+02
   0.404061E+00   0.571429E+01   0.491429E+01   0.141421E+02   0.101823E+02
   0.408871E+00   0.578231E+01   0.496315E+01   0.141421E+02   0.101352E+02
   0.413682E+00   0.585034E+01   0.501179E+01   0.141421E+02   0.100881E+02
   0.418492E+00   0.591837E+01   0.506020E+01   0.141421E+02   0.100409E+02
   0.423302E+00   0.598639E+01   0.510839E+01   0.141421E+02   0.999378E+01
   0.428112E+00   0.605442E+01   0.515635E+01   0.141421E+02   0.994664E+01
   0.432923E+00   0.612245E+01   0.520408E+01   0.141421E+02   0.989949E+01
   0.437733E+00   0.619048E+01   0.525159E+01   0.141421E+02   0.985235E+01
   0.442543E+00   0.625850E+01   0.529887E+01   0.141421E+02   0.980521E+01
   0.447353E+00   0.632653E+01   0.534592E+01   0.141421E+02   0.975807E+01
   0.452164E+00   0.639456E+01   0.539274E+01   0.141421E+02   0.971093E+01
   0.456974E+00   0.646259E+01   0.543934E+01   0.141421E+02   0.966379E+01
   0.461784E+00   0.653061E+01   0.548571E+01   0.141421E+02   0.961665E+01
   0.466594E+00   0.659864E+01   0.553186E+01   0.141421E+02   0.956951E+01
   0.471405E+00   0.666667E+01   0.557778E+01   0.141421E+02   0.952237E+01
   0.476215E+00   0.673469E+01   0.562347E+01   0.141421E+02   0.947523E+01
   0.481025E+00   0.680272E+01   0.566893E+01   0.141421E+02   0.942809E+01
   0.485835E+00   0.687075E+01   0.571417E+01   0.141421E+02   0.938095E+01
   0.490646E+00   0.693878E+01   0.575918E+01   0.141421E+02   0.933381E+01
   0.495456E+00   0.700680E+01   0.580397E+01   0.141421E+02   0.928667E+01
   0.500266E+00   0.707483E+01   0.584853E+01   0.141421E+02   0.923953E+01
   0.505076E+00   0.714286E+01   0.589286E+01   0.141421E+02   0.919239E+01
   0.509887E+00   0.721088E+01   0.593696E+01   0.141421E+02   0.914525E+01
   0.514697E+00   0.727891E+01   0.598084E+01   0.141421E+02   0.909811E+01
   0.519507E+00   0.734694E+01   0.602449E+01   0.141421E+02   0.905097E+01
   0.524317E+00   0.741497E+01   0.606791E+01   0.141421E+02   0.900383E+01
   0.529128E+00   0.748299E+01   0.611111E+01   0.141421E+02   0.895669E+01
   0.533938E+00   0.755102E+01   0.615408E+01   0.141421E+02   0.890955E+01
   0.538748E+00   0.761905E+01   0.619683E+01   0.141421E+02   0.886240E+01
   0.543558E+00   0.768707E+01   0.623934E+01   0.141421E+02   0.881526E+01
   0.548369E+00   0.775510E+01   0.628163E+01   0.141421E+02   0.876812E+01
   0.553179E+00   0.782313E+01   0.632370E+01   0.141421E+02   0.872098E+01
   0.557989E+00   0.789116E+01   0.636553E+01   0.141421E+02   0.867384E+01
   0.562799E+00   0.795918E+01   0.640714E+01   0.141421E+02   0.862670E+01
   0.567610E+00   0.802721E+01   0.644853E+01   0.141421E+02   0.857956E+01
   0.572420E+00   0.809524E+01   0.648968E+01   0.141421E+02   0.853242E+01
   0.577230E+00   0.816327E+01   0.653061E+01   0.141421E+02   0.848528E+01
   0.582040E+00   0.823129E+01   0.657132E+01   0.141421E+02   0.843814E+01
   0.586851E+00   0.829932E+01   0.661179E+01   0.141421E+02   0.839100E+01
   0.591661E+00   0.836735E+01   0.665204E+01   0.141421E+02   0.834386E+01
   0.596471E+00   0.843537E+01   0.669206E+01   0.141421E+02   0.829672E+01
   0.601281E+00   0.850340E+01   0.673186E+01   0.141421E+02   0.824958E+01
   0.606092E+00   0.857143E+01   0.677143E+01   0.141421E+02   0.820244E+01
   0.610902E+00   0.863946E+01   0.681077E+01   0.141421E+02   0.815530E+01
   0.615712E+00   0.870748E+01   0.684989E+01   0.141421E+02   0.810816E+01
   0.620522E+00   0.877551E+01   0.688878E+01   0.141421E+02   0.806102E+01
   0.625333E+00   0.884354E+01   0.692744E+01   0.141421E+02   0.801388E+01
   0.630143E+00   0.891156E+01   0.696587E+01   0.141421E+02   0.796674E+01
   0.634953E+00   0.897959E+01   0.700408E+01   0.141421E+02   0.791960E+01
   0.639763E+00   0.904762E+01   0.704206E+01   0.141421E+02   0.787246E+01
   0.644574E+00   0.911565E+01   0.707982E+01   0.141421E+02   0.782532E+01
   0.649384E+00   0.918367E+01   0.711735E+01   0.141421E+02   0.777817E+01
   0.654194E+00   0.925170E+01   0.715465E+01   0.141421E+02   0.773103E+01
   0.659004E+00   0.931973E+01   0.719172E+01   0.141421E+02   0.768389E+01
   0.663815E+00   0.938776E+01   0.722857E+01   0.141421E+02   0.763675E+01
   0.668625E+00   0.945578E+01   0.726519E+01   0.141421E+02   0.758961E+01
   0.673435E+00   0.952381E+01   0.730159E+01   0.141421E+02   0.754247E+01
   0.678245E+00   0.959184E+01   0.733776E+01   0.141421E+02   0.749533E+01
   0.683056E+00   0.965986E+01   0.737370E+01   0.141421E+02   0.744819E+01
   0.687866E+00   0.972789E+01   0.740941E+01   0.141421E+02   0.740105E+01
   0.692676E+00   0.979592E+01   0.744490E+01   0.141421E+02   0.735391E+01
   0.697486E+00   0.986395E+01   0.748016E+01   0.141421E+02   0.730677E+01
   0.702297E+00   0.993197E+01   0.751519E+01   0.141421E+02   0.725963E+01
   0.707107E+00   0.100000E+02   0.755000E+01   0.141421E+02   0.721249E+01
   0.711917E+00   0.100680E+02   0.758458E+01   0.141421E+02   0.716535E+01
   0.716727E+00   0.101361E+02   0.761893E+01   0.141421E+02   0.711821E+01
   0.721538E+00   0.102041E+02   0.765306E+01   0.141421E+02   0.707107E+01
   0.726348E+00   0.102721E+02   0.768696E+01   0.141421E+02   0.702393E+01
   0.731158E+00   0.103401E+02   0.772063E+01   0.141421E+02   0.697679E+01
   0.735968E+00   0.104082E+02   0.775408E+01   0.141421E+02   0.692965E+01
   0.740779E+00   0.104762E+02   0.778730E+01   0.141421E+02   0.688251E+01
   0.745589E+00   0.105442E+02   0.782029E+01   0.141421E+02   0.683537E+01
   0.750399E+00   0.106122E+02   0.785306E+01   0.141421E+02   0.678823E+01
   0.755209E+00   0.106803E+02   0.788560E+01   0.141421E+02   0.674108E+01
   0.760020E+00   0.107483E+02   0.791791E+01   0.141421E+02   0.669394E+01
   0.764830E+00   0.108163E+02   0.795000E+01   0.141421E+02   0.664680E+01
   0.769640E+00   0.108844E+02   0.798186E+01   0.141421E+02   0.659966E+01
   0.774450E+00   0.109524E+02   0.801349E+01   0.141421E+02   0.655252E+01
   0.779261E+00   0.110204E+02   0.804490E+01   0.141421E+02   0.650538E+01
   0.784071E+00   0.110884E+02   0.807608E+01   0.141421E+02   0.645824E+01
   0.788881E+00   0.111565E+02   0.810703E+01   0.141421E+02   0.641110E+01
   0.793691E+00   0.112245E+02   0.813776E+01   0.141421E+02   0.636396E+01
   0.798502E+00   0.112925E+02   0.816825E+01   0.141421E+02   0.631682E+01
   0.803312E+00   0.113605E+02   0.819853E+01   0.141421E+02   0.626968E+01
   0.808122E+00   0.114286E+02   0.822857E+01   0.141421E+02   0.622254E+01
   0.812932E+00   0.114966E+02   0.825839E+01   0.141421E+02   0.617540E+01
   0.817743E+00   0.115646E+02   0.828798E+01   0.141421E+02   0.612826E+01
   0.822553E+00   0.116327E+02   0.831735E+01   0.141421E+02   0.608112E+01
   0.827363E+00   0.117007E+02   0.834649E+01   0.141421E+02   0.603398E+01
   0.832173E+00   0.117687E+02   0.837540E+01   0.141421E+02   0.598684E+01
   0.836984E+00   0.118367E+02   0.840408E+01   0.141421E+02   0.593970E+01
   0.841794E+00   0.119048E+02   0.843254E+01   0.141421E+02   0.589256E+01
   0.846604E+00   0.119728E+02   0.846077E+01   0.141421E+02   0.584542E+01
   0.851414E+00   0.120408E+02   0.848878E+01   0.141421E+02   0.579828E+01
   0.856225E+00   0.121088E+02   0.851655E+01   0.141421E+02   0.575114E+01
   0.861035E+00   0.121769E+02   0.854410E+01   0.141421E+02   0.570399E+01
   0.865845E+00   0.122449E+02   0.857143E+01   0.141421E+02   0.565685E+01
   0.870655E+00   0.123129E+02   0.859853E+01   0.141421E+02   0.560971E+01
   0.875466E+00   0.123810E+02   0.862540E+01   0.141421E+02   0.556257E+01
   0.880276E+00   0.124490E+02   0.865204E+01   0.141421E+02   0.551543E+01
   0.885086E+00   0.125170E+02   0.867846E+01   0.141421E+02   0.546829E+01
   0.889896E+00   0.125850E+02   0.870465E+01   0.141421E+02   0.542115E+01
   0.894707E+00   0.126531E+02   0.873061E+01   0.141421E+02   0.537401E+01
   0.899517E+00   0.127211E+02   0.875635E+01   0.141421E+02   0.532687E+01
   0.904327E+00   0.127891E+02   0.878186E+01   0.141421E+02   0.527973E+01
   0.909137E+00   0.128571E+02   0.880714E+01   0.141421E+02   0.523259E+01
   0.913948E+00   0.129252E+02   0.883220E+01   0.141421E+02   0.518545E+01
   0.918758E+00   0.129932E+02   0.885703E+01   0.141421E+02   0.513831E+01
   0.923568E+00   0.130612E+02   0.888163E+01   0.141421E+02   0.509117E+01
   0.928378E+00   0.131293E+02   0.890601E+01   0.141421E+02   0.504403E+01
   0.933189E+00   0.131973E+02   0.893016E+01   0.141421E+02   0.499689E+01
   0.937999E+00   0.132653E+02   0.895408E+01   0.141421E+02   0.494975E+01
   0.942809E+00   0.133333E+02   0.897778E+01   0.141421E+02   0.490261E+01
   0.947619E+00   0.134014E+02   0.900125E+01   0.141421E+02   0.485547E+01
   0.952430E+00   0.134694E+02   0.902449E+01   0.141421E+02   0.480833E+01
   0.957240E+00   0.135374E+02   0.904751E+01   0.141421E+02   0.476119E+01
   0.962050E+00   0.136054E+02   0.907029E+01   0.141421E+02   0.471405E+01
   0.966860E+00   0.136735E+02   0.909286E+01   0.141421E+02   0.466690E+01
   0.971671E+00   0.137415E+02   0.911519E+01   0.141421E+02   0.461976E+01
   0.976481E+00   0.138095E+02   0.913730E+01   0.141421E+02   0.457262E+01
   0.981291E+00   0.138776E+02   0.915918E+01   0.141421E+02   0.452548E+01
   0.986101E+00   0.139456E+02   0.918084E+01   0.141421E+02   0.447834E+01
   0.990912E+00   0.140136E+02   0.920227E+01   0.141421E+02   0.443120E+01
   0.995722E+00   0.140816E+02   0.922347E+01   0.141421E+02   0.438406E+01
   0.100053E+01   0.141497E+02   0.924444E+01   0.141421E+02   0.433692E+01
   0.100534E+01   0.142177E+02   0.926519E+01   0.141421E+02   0.428978E+01
   0.101015E+01   0.142857E+02   0.928571E+01   0.141421E+02   0.424264E+01
   0.101496E+01   0.143537E+02   0.930601E+01   0.141421E+02   0.419550E+01
   0.101977E+01   0.144218E+02   0.932608E+01   0.141421E+02   0.414836E+01
   0.102458E+01   0.144898E+02   0.934592E+01   0.141421E+02   0.410122E+01
   0.102939E+01   0.145578E+02   0.936553E+01   0.141421E+02   0.405408E+01
   0.103420E+01   0.146259E+02   0.938492E+01   0.141421E+02   0.400694E+01
   0.103901E+01   0.146939E+02   0.940408E+01   0.141421E+02   0.395980E+01
   0.104382E+01   0.147619E+02   0.942302E+01   0.141421E+02   0.391266E+01
   0.104863E+01   0.148299E+02   0.944172E+01   0.141421E+02   0.386552E+01
   0.105344E+01   0.148980E+02   0.946020E+01   0.141421E+02   0.381838E+01
   0.105826E+01   0.149660E+02   0.947846E+01   0.141421E+02   0.377124E+01
   0.106307E+01   0.150340E+02   0.949649E+01   0.141421E+02   0.372410E+01
   0.106788E+01   0.151020E+02   0.951429E+01   0.141421E+02   0.367696E+01
   0.107269E+01   0.151701E+02   0.953186E+01   0.141421E+02   0.362981E+01
   0.107750E+01   0.152381E+02   0.954921E+01   0.141421E+02   0.358267E+01
   0.108231E+01   0.153061E+02   0.956633E+01   0.141421E+02   0.353553E+01
   0.108712E+01   0.153741E+02   0.958322E+01   0.141421E+02   0.348839E+01
   0.109193E+01   0.154422E+02   0.959989E+01   0.141421E+02   0.344125E+01
   0.109674E+01   0.155102E+02   0.961633E+01   0.141421E+02   0.339411E+01
   0.110155E+01   0.155782E+02   0.963254E+01   0.141421E+02   0.334697E+01
   0.110636E+01   0.156463E+02   0.964853E+01   0.141421E+02   0.329983E+01
   0.111117E+01   0.157143E+02   0.966429E+01   0.141421E+02   0.325269E+01
   0.111598E+01   0.157823E+02   0.967982E+01   0.141421E+02   0.320555E+01
   0.112079E+01   0.158503E+02   0.969512E+01   0.141421E+02   0.315841E+01
   0.112560E+01   0.159184E+02   0.971020E+01   0.141421E+02   0.311127E+01
   0.113041E+01   0.159864E+02   0.972506E+01   0.141421E+02   0.306413E+01
   0.113522E+01   0.160544E+02   0.973968E+01   0.141421E+02   0.301699E+01
   0.114003E+01   0.161224E+02   0.975408E+01   0.141421E+02   0.296985E+01
   0.114484E+01   0.161905E+02   0.976825E+01   0.141421E+02   0.292271E+01
   0.114965E+01   0.162585E+02   0.978220E+01   0.141421E+02   0.287557E+01
   0.115446E+01   0.163265E+02   0.979592E+01   0.141421E+02   0.282843E+01
   0.115927E+01   0.163946E+02   0.980941E+01   0.141421E+02   0.278129E+01
   0.116408E+01   0.164626E+02   0.982268E+01   0.141421E+02   0.273415E+01
   0.116889E+01   0.165306E+02   0.983571E+01   0.141421E+02   0.268701E+01
   0.117370E+01   0.165986E+02   0.984853E+01   0.141421E+02   0.263987E+01
   0.117851E+01   0.166667E+02   0.986111E+01   0.141421E+02   0.259272E+01
   0.118332E+01   0.167347E+02   0.987347E+01   0.141421E+02   0.254558E+01
   0.118813E+01   0.168027E+02   0.988560E+01   0.141421E+02   0.249844E+01
   0.119294E+01   0.168707E+02   0.989751E+01   0.141421E+02   0.245130E+01
   0.119775E+01   0.169388E+02   0.990918E+01   0.141421E+02   0.240416E+01
   0.120256E+01   0.170068E+02   0.992063E+01   0.141421E+02   0.235702E+01
   0.120737E+01   0.170748E+02   0.993186E+01   0.141421E+02   0.230988E+01
   0.121218E+01   0.171429E+02   0.994286E+01   0.141421E+02   0.226274E+01
   0.121699E+01   0.172109E+02   0.995363E+01   0.141421E+02   0.221560E+01
   0.122180E+01   0.172789E+02   0.996417E+01   0.141421E+02   0.216846E+01
   0.122661E+01   0.173469E+02   0.997449E+01   0.141421E+02   0.212132E+01
   0.123142E+01   0.174150E+02   0.998458E+01   0.141421E+02   0.207418E+01
   0.123623E+01   0.174830E+02   0.999444E+01   0.141421E+02   0.202704E+01
   0.124104E+01   0.175510E+02   0.100041E+02   0.141421E+02   0.197990E+01
   0.124585E+01   0.176190E+02   0.100135E+02   0.141421E+02   0.193276E+01
   0.125067E+01   0.176871E+02   0.100227E+02   0.141421E+02   0.188562E+01
   0.125548E+01   0.177551E+02   0.100316E+02   0.141421E+02   0.183848E+01
   0.126029E+01   0.178231E+02   0.100404E+02   0.141421E+02   0.179134E+01
   0.126510E+01   0.178912E+02   0.100489E+02   0.141421E+02   0.174420E+01
   0.126991E+01   0.179592E+02   0.100571E+02   0.141421E+02   0.169706E+01
   0.127472E+01   0.180272E+02   0.100652E+02   0.141421E+02   0.164992E+01
   0.127953E+01   0.180952E+02   0.100730E+02   0.141421E+02   0.160278E+01
   0.128434E+01   0.181633E+02   0.100806E+02   0.141421E+02   0.155563E+01
   0.128915E+01   0.182313E+02   0.100880E+02   0.141421E+02   0.150849E+01
   0.129396E+01   0.182993E+02   0.100951E+02   0.141421E+02   0.146135E+01
   0.129877E+01   0.183673E+02   0.101020E+02   0.141421E+02   0.141421E+01
   0.130358E+01   0.184354E+02   0.101087E+02   0.141421E+02   0.136707E+01
   0.130839E+01   0.185034E+02   0.101152E+02   0.141421E+02   0.131993E+01
   0.131320E+01   0.185714E+02   0.101214E+02   0.141421E+02   0.127279E+01
   0.131801E+01   0.186395E+02   0.101274E+02   0.141421E+02   0.122565E+01
   0.132282E+01   0.187075E+02   0.101332E+02   0.141421E+02   0.117851E+01
   0.132763E+01   0.187755E+02   0.101388E+02   0.141421E+02   0.113137E+01
   0.133244E+01   0.188435E+02   0.101441E+02   0.141421E+02   0.108423E+01
   0.133725E+01   0.189116E+02   0.101492E+02   0.141421E+02   0.103709E+01
   0.134206E+01   0.189796E+02   0.101541E+02   0.141421E+02   0.989949E+00
   0.134687E+01   0.190476E+02   0.101587E+02   0.141421E+02   0.942809E+00
   0.135168E+01   0.191156E+02   0.101632E+02   0.141421E+02   0.895669E+00
   0.135649E+01   0.191837E+02   0.101673E+02   0.141421E+02   0.848528E+00
   0.136130E+01   0.192517E+02   0.101713E+02   0.141421E+02   0.801388E+00
   0.136611E+01   0.193197E+02   0.101751E+02   0.141421E+02   0.754247E+00
   0.137092E+01   0.193878E+02   0.101786E+02   0.141421E+02   0.707107E+00
   0.137573E+01   0.194558E+02   0.101819E+02   0.141421E+02   0.659966E+00
   0.138054E+01   0.195238E+02   0.101849E+02   0.141421E+02   0.612826E+00
   0.138535E+01   0.195918E+02   0.101878E+02   0.141421E+02   0.565685E+00
   0.139016E+01   0.196599E+02   0.101904E+02   0.141421E+02   0.518545E+00
   0.139497E+01   0.197279E+02   0.101927E+02   0.141421E+02   0.471405E+00
   0.139978E+01   0.197959E+02   0.101949E+02   0.141421E+02   0.424264E+00
   0.140459E+01   0.198639E+02   0.101968E+02   0.141421E+02   0.377124E+00
   0.140940E+01   0.199320E+02   0.101985E+02   0.141421E+02   0.329983E+00
   0.141421E+01   0.200000E+02   0.102000E+02   0.141421E+02   0.282843E+00
   0.141902E+01   0.200680E+02   0.102012E+02   0.141421E+02   0.235702E+00
   0.142383E+01   0.201361E+02   0.102023E+02   0.141421E+02   0.188562E+00
   0.142864E+01   0.202041E+02   0.102031E+02   0.141421E+02   0.141421E+00
   0.143345E+01   0.202721E+02   0.102036E+02   0.141421E+02   0.942809E-01
   0.143826E+01   0.203401E+02   0.102040E+02   0.141421E+02   0.471405E-01
   0.144308E+01   0.204082E+02   0.102041E+02   0.141421E+02  -0.657252E-13
   0.144789E+01   0.204762E+02   0.102040E+02   0.141421E+02  -0.471405E-01
   0.145270E+01   0.205442E+02   0.102036E+02   0.141421E+02  -0.942809E-01
   0.145751E+01   0.206122E+02   0.102031E+02   0.141421E+02  -0.141421E+00
   0.146232E+01   0.206803E+02   0.102023E+02   0.141421E+02  -0.188562E+00
   0.146713E+01   0.207483E+02   0.102012E+02   0.141421E+02  -0.235702E+00
   0.147194E+01   0.208163E+02   0.102000E+02   0.141421E+02  -0.282843E+00
   0.147675E+01   0.208844E+02   0.101985E+02   0.141421E+02  -0.329983E+00
   0.148156E+01   0.209524E+02   0.101968E+02   0.141421E+02  -0.377124E+00
   0.148637E+01   0.210204E+02   0.101949E+02   0.141421E+02  -0.424264E+00
   0.149118E+01   0.210884E+02   0.101927E+02   0.141421E+02  -0.471405E+00
   0.149599E+01   0.211565E+02   0.101904E+02   0.141421E+02  -0.518545E+00
   0.150080E+01   0.212245E+02   0.101878E+02   0.141421E+02  -0.565685E+00
   0.150561E+01   0.212925E+02   0.101849E+02   0.141421E+02  -0.612826E+00
   0.151042E+01   0.213605E+02   0.101819E+02   0.141421E+02  -0.659966E+00
   0.151523E+01   0.214286E+02   0.101786E+02   0.141421E+02  -0.707107E+00
   0.152004E+01   0.214966E+02   0.101751E+02   0.141421E+02  -0.754247E+00
   0.152485E+01   0.215646E+02   0.101713E+02   0.141421E+02  -0.801388E+00
   0.152966E+01   0.216327E+02   0.101673E+02   0.141421E+02  -0.848528E+00
   0.153447E+01   0.217007E+02   0.101632E+02   0.141421E+02  -0.895669E+00
   0.153928E+01   0.217687E+02   0.101587E+02   0.141421E+02  -0.942809E+00
   0.154409E+01   0.218367E+02   0.101541E+02   0.141421E+02  -0.989949E+00
   0.154890E+01   0.219048E+02   0.101492E+02   0.141421E+02  -0.103709E+01
   0.155371E+01   0.219728E+02   0.101441E+02   0.141421E+02  -0.108423E+01
   0.155852E+01   0.220408E+02   0.101388E+02   0.141421E+02  -0.113137E+01
   0.156333E+01   0.221088E+02   0.101332E+02   0.141421E+02  -0.117851E+01
   0.156814E+01   0.221769E+02   0.101274E+02   0.141421E+02  -0.122565E+01
   0.157295E+01   0.222449E+02   0.101214E+02   0.141421E+02  -0.127279E+01
   0.157776E+01   0.223129E+02   0.101152E+02   0.141421E+02  -0.131993E+01
   0.158257E+01   0.223810E+02   0.101087E+02   0.141421E+02  -0.136707E+01
   0.158738E+01   0.224490E+02   0.101020E+02   0.141421E+02  -0.141421E+01
   0.159219E+01   0.225170E+02   0.100951E+02   0.141421E+02  -0.146135E+01
   0.159700E+01   0.225850E+02   0.100880E+02   0.141421E+02  -0.150849E+01
   0.160181E+01   0.226531E+02   0.100806E+02   0.141421E+02  -0.155563E+01
   0.160662E+01   0.227211E+02   0.100730E+02   0.141421E+02  -0.160278E+01
   0.161143E+01   0.227891E+02   0.100652E+02   0.141421E+02  -0.164992E+01
   0.161624E+01   0.228571E+02   0.100571E+02   0.141421E+02  -0.169706E+01
   0.162105E+01   0.229252E+02   0.100489E+02   0.141421E+02  -0.174420E+01
   0.162586E+01   0.229932E+02   0.100404E+02   0.141421E+02  -0.179134E+01
   0.163067E+01   0.230612E+02   0.100316E+02   0.141421E+02  -0.183848E+01
   0.163549E+01   0.231293E+02   0.100227E+02   0.141421E+02  -0.188562E+01
   0.164030E+01   0.231973E+02   0.100135E+02   0.141421E+02  -0.193276E+01
   0.164511E+01   0.232653E+02   0.100041E+02   0.141421E+02  -0.197990E+01
   0.164992E+01   0.233333E+02   0.999444E+01   0.141421E+02  -0.202704E+01
   0.165473E+01   0.234014E+02   0.998458E+01   0.141421E+02  -0.207418E+01
   0.165954E+01   0.234694E+02   0.997449E+01   0.141421E+02  -0.212132E+01
   0.166435E+01   0.235374E+02   0.996417E+01   0.141421E+02  -0.216846E+01
   0.166916E+01   0.236054E+02   0.995363E+01   0.141421E+02  -0.221560E+01
   0.167397E+01   0.236735E+02   0.994286E+01   0.141421E+02  -0.226274E+01
   0.167878E+01   0.237415E+02   0.993186E+01   0.141421E+02  -0.230988E+01
   0.168359E+01   0.238095E+02   0.992063E+01   0.141421E+02  -0.235702E+01
   0.168840E+01   0.238776E+02   0.990918E+01   0.141421E+02  -0.240416E+01
   0.169321E+01   0.239456E+02   0.989751E+01   0.141421E+02  -0.245130E+01
   0.169802E+01   0.240136E+02   0.988560E+01   0.141421E+02  -0.249844E+01
   0.170283E+01   0.240816E+02   0.987347E+01   0.141421E+02  -0.254558E+01
   0.170764E+01   0.241497E+02   0.986111E+01   0.141421E+02  -0.259272E+01
   0.171245E+01   0.242177E+02   0.984853E+01   0.141421E+02  -0.263987E+01
   0.171726E+01   0.242857E+02   0.983571E+01   0.141421E+02  -0.268701E+01
   0.172207E+01   0.243537E+02   0.982268E+01   0.141421E+02  -0.273415E+01
   0.172688E+01   0.244218E+02   0.980941E+01   0.141421E+02  -0.278129E+01
   0.173169E+01   0.244898E+02   0.979592E+01   0.141421E+02  -0.282843E+01
   0.173650E+01   0.245578E+02   0.978220E+01   0.141421E+02  -0.287557E+01
   0.174131E+01   0.246259E+02   0.976825E+01   0.141421E+02  -0.292271E+01
   0.174612E+01   0.246939E+02   0.975408E+01   0.141421E+02  -0.296985E+01
   0.175093E+01   0.247619E+02   0.973968E+01   0.141421E+02  -0.301699E+01
   0.175574E+01   0.248299E+02   0.972506E+01   0.141421E+02  -0.306413E+01
   0.176055E+01   0.248980E+02   0.971020E+01   0.141421E+02  -0.311127E+01
   0.176536E+01   0.249660E+02   0.969512E+01   0.141421E+02  -0.315841E+01
   0.177017E+01   0.250340E+02   0.967982E+01   0.141421E+02  -0.320555E+01
   0.177498E+01   0.251020E+02   0.966429E+01   0.141421E+02  -0.325269E+01
   0.177979E+01   0.251701E+02   0.964853E+01   0.141421E+02  -0.329983E+01
   0.178460E+01   0.252381E+02   0.963254E+01   0.141421E+02  -0.334697E+01
   0.178941E+01   0.253061E+02   0.961633E+01   0.141421E+02  -0.339411E+01
   0.179422E+01   0.253741E+02   0.959989E+01   0.141421E+02  -0.344125E+01
   0.179903E+01   0.254422E+02   0.958322E+01   0.141421E+02  -0.348839E+01
   0.180384E+01   0.255102E+02   0.956633E+01   0.141421E+02  -0.353553E+01
   0.180865E+01   0.255782E+02   0.954921E+01   0.141421E+02  -0.358267E+01
   0.181346E+01   0.256463E+02   0.953186E+01   0.141421E+02  -0.362981E+01
   0.181827E+01   0.257143E+02   0.951429E+01   0.141421E+02  -0.367696E+01
   0.182308E+01   0.257823E+02   0.949649E+01   0.141421E+02  -0.372410E+01
   0.182790E+01   0.258503E+02   0.947846E+01   0.141421E+02  -0.377124E+01
   0.183271E+01   0.259184E+02   0.946020E+01   0.141421E+02  -0.381838E+01
   0.183752E+01   0.259864E+02   0.944172E+01   0.141421E+02  -0.386552E+01
   0.184233E+01   0.260544E+02   0.942302E+01   0.141421E+02  -0.391266E+01
   0.184714E+01   0.261224E+02   0.940408E+01   0.141421E+02  -0.395980E+01
   0.185195E+01   0.261905E+02   0.938492E+01   0.141421E+02  -0.400694E+01
   0.185676E+01   0.262585E+02   0.936553E+01   0.141421E+02  -0.405408E+01
   0.186157E+01   0.263265E+02   0.934592E+01   0.141421E+02  -0.410122E+01
   0.186638E+01   0.263946E+02   0.932608E+01   0.141421E+02  -0.414836E+01
   0.187119E+01   0.264626E+02   0.930601E+01   0.141421E+02  -0.419550E+01
   0.187600E+01   0.265306E+02   0.928571E+01   0.141421E+02  -0.424264E+01
   0.188081E+01   0.265986E+02   0.926519E+01   0.141421E+02  -0.428978E+01
   0.188562E+01   0.266667E+02   0.924444E+01   0.141421E+02  -0.433692E+01
   0.189043E+01   0.267347E+02   0.922347E+01   0.141421E+02  -0.438406E+01
   0.189524E+01   0.268027E+02   0.920227E+01   0.141421E+02  -0.443120E+01
   0.190005E+01   0.268707E+02   0.918084E+01   0.141421E+02  -0.447834E+01
   0.190486E+01   0.269388E+02   0.915918E+01   0.141421E+02  -0.452548E+01
   0.190967E+01   0.270068E+02   0.913730E+01   0.141421E+02  -0.457262E+01
   0.191448E+01   0.270748E+02   0.911519E+01   0.141421E+02  -0.461976E+01
   0.191929E+01   0.271429E+02   0.909286E+01   0.141421E+02  -0.466690E+01
   0.192410E+01   0.272109E+02   0.907029E+01   0.141421E+02  -0.471405E+01
   0.192891E+01   0.272789E+02   0.904751E+01   0.141421E+02  -0.476119E+01
   0.193372E+01   0.273469E+02   0.902449E+01   0.141421E+02  -0.480833E+01
   0.193853E+01   0.274150E+02   0.900125E+01   0.141421E+02  -0.485547E+01
   0.194334E+01   0.274830E+02   0.897778E+01   0.141421E+02  -0.490261E+01
   0.194815E+01   0.275510E+02   0.895408E+01   0.141421E+02  -0.494975E+01
   0.195296E+01   0.276190E+02   0.893016E+01   0.141421E+02  -0.499689E+01
   0.195777E+01   0.276871E+02   0.890601E+01   0.141421E+02  -0.504403E+01
   0.196258E+01   0.277551E+02   0.888163E+01   0.141421E+02  -0.509117E+01
   0.196739E+01   0.278231E+02   0.885703E+01   0.141421E+02  -0.513831E+01
   0.197220E+01   0.278912E+02   0.883220E+01   0.141421E+02  -0.518545E+01
   0.197701E+01   0.279592E+02   0.880714E+01   0.141421E+02  -0.523259E+01
   0.198182E+01   0.280272E+02   0.878186E+01   0.141421E+02  -0.527973E+01
   0.198663E+01   0.280952E+02   0.875635E+01   0.141421E+02  -0.532687E+01
   0.199144E+01   0.281633E+02   0.873061E+01   0.141421E+02  -0.537401E+01
   0.199625E+01   0.282313E+02   0.870465E+01   0.141421E+02  -0.542115E+01
   0.200106E+01   0.282993E+02   0.867846E+01   0.141421E+02  -0.546829E+01
   0.200587E+01   0.283673E+02   0.865204E+01   0.141421E+02  -0.551543E+01
   0.201068E+01   0.284354E+02   0.862540E+01   0.141421E+02  -0.556257E+01
   0.201549E+01   0.285034E+02   0.859853E+01   0.141421E+02  -0.560971E+01
   0.202031E+01   0.285714E+02   0.857143E+01   0.141421E+02  -0.565685E+01
   0.202512E+01   0.286395E+02   0.854410E+01   0.141421E+02  -0.570399E+01
   0.202993E+01   0.287075E+02   0.851655E+01   0.141421E+02  -0.575114E+01
   0.203474E+01   0.287755E+02   0.848878E+01   0.141421E+02  -0.579828E+01
   0.203955E+01   0.288435E+02   0.846077E+01   0.141421E+02  -0.584542E+01
   0.204436E+01   0.289116E+02   0.843254E+01   0.141421E+02  -0.589256E+01
   0.204917E+01   0.289796E+02   0.840408E+01   0.141421E+02  -0.593970E+01
   0.205398E+01   0.290476E+02   0.837540E+01   0.141421E+02  -0.598684E+01
   0.205879E+01   0.291156E+02   0.834649E+01   0.141421E+02  -0.603398E+01
   0.206360E+01   0.291837E+02   0.831735E+01   0.141421E+02  -0.608112E+01
   0.206841E+01   0.292517E+02   0.828798E+01   0.141421E+02  -0.612826E+01
   0.207322E+01   0.293197E+02   0.825839E+01   0.141421E+02  -0.617540E+01
   0.207803E+01   0.293878E+02   0.822857E+01   0.141421E+02  -0.622254E+01
   0.208284E+01   0.294558E+02   0.819853E+01   0.141421E+02  -0.626968E+01
   0.208765E+01   0.295238E+02   0.816825E+01   0.141421E+02  -0.631682E+01
   0.209246E+01   0.295918E+02   0.813776E+01   0.141421E+02  -0.636396E+01
   0.209727E+01   0.296599E+02   0.810703E+01   0.141421E+02  -0.641110E+01
   0.210208E+01   0.297279E+02   0.807608E+01   0.141421E+02  -0.645824E+01
   0.210689E+01   0.297959E+02   0.804490E+01   0.141421E+02  -0.650538E+01
   0.211170E+01   0.298639E+02   0.801349E+01   0.141421E+02  -0.655252E+01
   0.211651E+01   0.299320E+02   0.798186E+01   0.141421E+02  -0.659966E+01
   0.212132E+01   0.300000E+02   0.795000E+01   0.141421E+02  -0.664680E+01
   0.212613E+01   0.300680E+02   0.791791E+01   0.141421E+02  -0.669394E+01
   0.213094E+01   0.301361E+02   0.788560E+01   0.141421E+02  -0.674108E+01
   0.213575E+01   0.302041E+02   0.785306E+01   0.141421E+02  -0.678823E+01
   0.214056E+01   0.302721E+02   0.782029E+01   0.141421E+02  -0.683537E+01
   0.214537E+01   0.303401E+02   0.778730E+01   0.141421E+02  -0.688251E+01
   0.215018E+01   0.304082E+02   0.775408E+01   0.141421E+02  -0.692965E+01
   0.215499E+01   0.304762E+02   0.772063E+01   0.141421E+02  -0.697679E+01
   0.215980E+01   0.305442E+02   0.768696E+01   0.141421E+02  -0.702393E+01
   0.216461E+01   0.306122E+02   0.765306E+01   0.141421E+02  -0.707107E+01
   0.216942E+01   0.306803E+02   0.761893E+01   0.141421E+02  -0.711821E+01
   0.217423E+01   0.307483E+02   0.758458E+01   0.141421E+02  -0.716535E+01
   0.217904E+01   0.308163E+02   0.755000E+01   0.141421E+02  -0.721249E+01
   0.218385E+01   0.308844E+02   0.751519E+01   0.141421E+02  -0.725963E+01
   0.218866E+01   0.309524E+02   0.748016E+01   0.141421E+02  -0.730677E+01
   0.219347E+01   0.310204E+02   0.744490E+01   0.141421E+02  -0.735391E+01
   0.219828E+01   0.310884E+02   0.740941E+01   0.141421E+02  -0.740105E+01
   0.220309E+01   0.311565E+02   0.737370E+01   0.141421E+02  -0.744819E+01
   0.220790E+01   0.312245E+02   0.733776E+01   0.141421E+02  -0.749533E+01
   0.221272E+01   0.312925E+02   0.730159E+01   0.141421E+02  -0.754247E+01
   0.221753E+01   0.313605E+02   0.726519E+01   0.141421E+02  -0.758961E+01
   0.222234E+01   0.314286E+02   0.722857E+01   0.141421E+02  -0.763675E+01
   0.222715E+01   0.314966E+02   0.719172E+01   0.141421E+02  -0.768389E+01
   0.223196E+01   0.315646E+02   0.715465E+01   0.141421E+02  -0.773103E+01
   0.223677E+01   0.316327E+02   0.711735E+01   0.141421E+02  -0.777817E+01
   0.224158E+01   0.317007E+02   0.707982E+01   0.141421E+02  -0.782532E+01
   0.224639E+01   0.317687E+02   0.704206E+01   0.141421E+02  -0.787246E+01
   0.225120E+01   0.318367E+02   0.700408E+01   0.141421E+02  -0.791960E+01
   0.225601E+01   0.319048E+02   0.696587E+01   0.141421E+02  -0.796674E+01
   0.226082E+01   0.319728E+02   0.692744E+01   0.141421E+02  -0.801388E+01
   0.226563E+01   0.320408E+02   0.688878E+01   0.141421E+02  -0.806102E+01
   0.227044E+01   0.321088E+02   0.684989E+01   0.141421E+02  -0.810816E+01
   0.227525E+01   0.321769E+02   0.681077E+01   0.141421E+02  -0.815530E+01
   0.228006E+01   0.322449E+02   0.677143E+01   0.141421E+02  -0.820244E+01
   0.228487E+01   0.323129E+02   0.673186E+01   0.141421E+02  -0.824958E+01
   0.228968E+01   0.323810E+02   0.669206E+01   0.141421E+02  -0.829672E+01
   0.229449E+01   0.324490E+02   0.665204E+01   0.141421E+02  -0.834386E+01
   0.229930E+01   0.325170E+02   0.661179E+01   0.141421E+02  -0.839100E+01
   0.230411E+01   0.325850E+02   0.657132E+01   0.141421E+02  -0.843814E+01
   0.230892E+01   0.326531E+02   0.653061E+01   0.141421E+02  -0.848528E+01
   0.231373E+01   0.327211E+02   0.648968E+01   0.141421E+02  -0.853242E+01
   0.231854E+01   0.327891E+02   0.644853E+01   0.141421E+02  -0.857956E+01
   0.232335E+01   0.328571E+02   0.640714E+01   0.141421E+02  -0.862670E+01
   0.232816E+01   0.329252E+02   0.636553E+01   0.141421E+02  -0.867384E+01
   0.233297E+01   0.329932E+02   0.632370E+01   0.141421E+02  -0.872098E+01
   0.233778E+01   0.330612E+02   0.628163E+01   0.141421E+02  -0.876812E+01
   0.234259E+01   0.331293E+02   0.623934E+01   0.141421E+02  -0.881526E+01
   0.234740E+01   0.331973E+02   0.619683E+01   0.141421E+02  -0.886240E+01
   0.235221E+01   0.332653E+02   0.615408E+01   0.141421E+02  -0.890955E+01
   0.235702E+01   0.333333E+02   0.611111E+01   0.141421E+02  -0.895669E+01
   0.236183E+01   0.334014E+02   0.606791E+01   0.141421E+02  -0.900383E+01
   0.236664E+01   0.334694E+02   0.602449E+01   0.141421E+02  -0.905097E+01
   0.237145E+01   0.335374E+02   0.598084E+01   0.141421E+02  -0.909811E+01
   0.237626E+01   0.336054E+02   0.593696E+01   0.141421E+02  -0.914525E+01
   0.238107E+01   0.336735E+02   0.589286E+01   0.141421E+02  -0.919239E+01
   0.238588E+01   0.337415E+02   0.584853E+01   0.141421E+02  -0.923953E+01
   0.239069E+01   0.338095E+02   0.580397E+01   0.141421E+02  -0.928667E+01
   0.239550E+01   0.338776E+02   0.575918E+01   0.141421E+02  -0.933381E+01
   0.240031E+01   0.339456E+02   0.571417E+01   0.141421E+02  -0.938095E+01
   0.240513E+01   0.340136E+02   0.566893E+01   0.141421E+02  -0.942809E+01
   0.240994E+01   0.340816E+02   0.562347E+01   0.141421E+02  -0.947523E+01
   0.241475E+01   0.341497E+02   0.557778E+01   0.141421E+02  -0.952237E+01
   0.241956E+01   0.342177E+02   0.553186E+01   0.141421E+02  -0.956951E+01
   0.242437E+01   0.342857E+02   0.548571E+01   0.141421E+02  -0.961665E+01
   0.242918E+01   0.343537E+02   0.543934E+01   0.141421E+02  -0.966379E+01
   0.243399E+01   0.344218E+02   0.539274E+01   0.141421E+02  -0.971093E+01
   0.243880E+01   0.344898E+02   0.534592E+01   0.141421E+02  -0.975807E+01
   0.244361E+01   0.345578E+02   0.529887E+01   0.141421E+02  -0.980521E+01
   0.244842E+01   0.346259E+02   0.525159E+01   0.141421E+02  -0.985235E+01
   0.245323E+01   0.346939E+02   0.520408E+01   0.141421E+02  -0.989949E+01
   0.245804E+01   0.347619E+02   0.515635E+01   0.141421E+02  -0.994664E+01
   0.246285E+01   0.348299E+02   0.510839E+01   0.141421E+02  -0.999378E+01
   0.246766E+01   0.348980E+02   0.506020E+01   0.141421E+02  -0.100409E+02
   0.247247E+01   0.349660E+02   0.501179E+01   0.141421E+02  -0.100881E+02
   0.247728E+01   0.350340E+02   0.496315E+01   0.141421E+02  -0.101352E+02
   0.248209E+01   0.351020E+02   0.491429E+01   0.141421E+02  -0.101823E+02
   0.248690E+01   0.351701E+02   0.486519E+01   0.141421E+02  -0.102295E+02
   0.249171E+01   0.352381E+02   0.481587E+01   0.141421E+02  -0.102766E+02
   0.249652E+01   0.353061E+02   0.476633E+01   0.141421E+02  -0.103238E+02
   0.250133E+01   0.353741E+02   0.471655E+01   0.141421E+02  -0.103709E+02
   0.250614E+01   0.354422E+02   0.466655E+01   0.141421E+02  -0.104180E+02
   0.251095E+01   0.355102E+02   0.461633E+01   0.141421E+02  -0.104652E+02
   0.251576E+01   0.355782E+02   0.456587E+01   0.141421E+02  -0.105123E+02
   0.252057E+01   0.356463E+02   0.451519E+01   0.141421E+02  -0.105595E+02
   0.252538E+01   0.357143E+02   0.446429E+01   0.141421E+02  -0.106066E+02
   0.253019E+01   0.357823E+02   0.441315E+01   0.141421E+02  -0.106537E+02
   0.253500E+01   0.358503E+02   0.436179E+01   0.141421E+02  -0.107009E+02
   0.253981E+01   0.359184E+02   0.431020E+01   0.141421E+02  -0.107480E+02
   0.254462E+01   0.359864E+02   0.425839E+01   0.141421E+02  -0.107952E+02
   0.254943E+01   0.360544E+02   0.420635E+01   0.141421E+02  -0.108423E+02
   0.255424E+01   0.361224E+02   0.415408E+01   0.141421E+02  -0.108894E+02
   0.255905E+01   0.361905E+02   0.410159E+01   0.141421E+02  -0.109366E+02
   0.256386E+01   0.362585E+02   0.404887E+01   0.141421E+02  -0.109837E+02
   0.256867E+01   0.363265E+02   0.399592E+01   0.141421E+02  -0.110309E+02
   0.257348E+01   0.363946E+02   0.394274E+01   0.141421E+02  -0.110780E+02
   0.257829E+01   0.364626E+02   0.388934E+01   0.141421E+02  -0.111251E+02
   0.258310E+01   0.365306E+02   0.383571E+01   0.141421E+02  -0.111723E+02
   0.258791E+01   0.365986E+02   0.378186E+01   0.141421E+02  -0.112194E+02
   0.259272E+01   0.366667E+02   0.372778E+01   0.141421E+02  -0.112666E+02
   0.259754E+01   0.367347E+02   0.367347E+01   0.141421E+02  -0.113137E+02
   0.260235E+01   0.368027E+02   0.361893E+01   0.141421E+02  -0.113608E+02
   0.260716E+01   0.368707E+02   0.356417E+01   0.141421E+02  -0.114080E+02
   0.261197E+01   0.369388E+02   0.350918E+01   0.141421E+02  -0.114551E+02
   0.261678E+01   0.370068E+02   0.345397E+01   0.141421E+02  -0.115023E+02
   0.262159E+01   0.370748E+02   0.339853E+01   0.141421E+02  -0.115494E+02
   0.262640E+01   0.371429E+02   0.334286E+01   0.141421E+02  -0.115966E+02
   0.263121E+01   0.372109E+02   0.328696E+01   0.141421E+02  -0.116437E+02
   0.263602E+01   0.372789E+02   0.323084E+01   0.141421E+02  -0.116908E+02
   0.264083E+01   0.373469E+02   0.317449E+01   0.141421E+02  -0.117380E+02
   0.264564E+01   0.374150E+02   0.311791E+01   0.141421E+02  -0.117851E+02
   0.265045E+01   0.374830E+02   0.306111E+01   0.141421E+02  -0.118323E+02
   0.265526E+01   0.375510E+02   0.300408E+01   0.141421E+02  -0.118794E+02
   0.266007E+01   0.376190E+02   0.294683E+01   0.141421E+02  -0.119265E+02
   0.266488E+01   0.376871E+02   0.288934E+01   0.141421E+02  -0.119737E+02
   0.266969E+01   0.377551E+02   0.283163E+01   0.141421E+02  -0.120208E+02
   0.267450E+01   0.378231E+02   0.277370E+01   0.141421E+02  -0.120680E+02
   0.267931E+01   0.378912E+02   0.271553E+01   0.141421E+02  -0.121151E+02
   0.268412E+01   0.379592E+02   0.265714E+01   0.141421E+02  -0.121622E+02
   0.268893E+01   0.380272E+02   0.259853E+01   0.141421E+02  -0.122094E+02
   0.269374E+01   0.380952E+02   0.253968E+01   0.141421E+02  -0.122565E+02
   0.269855E+01   0.381633E+02   0.248061E+01   0.141421E+02  -0.123037E+02
   0.270336E+01   0.382313E+02   0.242132E+01   0.141421E+02  -0.123508E+02
   0.270817E+01   0.382993E+02   0.236179E+01   0.141421E+02  -0.123979E+02
   0.271298E+01   0.383673E+02   0.230204E+01   0.141421E+02  -0.124451E+02
   0.271779E+01   0.384354E+02   0.224206E+01   0.141421E+02  -0.124922E+02
   0.272260E+01   0.385034E+02   0.218186E+01   0.141421E+02  -0.125394E+02
   0.272741E+01   0.385714E+02   0.212143E+01   0.141421E+02  -0.125865E+02
   0.273222E+01   0.386395E+02   0.206077E+01   0.141421E+02  -0.126336E+02
   0.273703E+01   0.387075E+02   0.199989E+01   0.141421E+02  -0.126808E+02
   0.274184E+01   0.387755E+02   0.193878E+01   0.141421E+02  -0.127279E+02
   0.274665E+01   0.388435E+02   0.187744E+01   0.141421E+02  -0.127751E+02
   0.275146E+01   0.389116E+02   0.181587E+01   0.141421E+02  -0.128222E+02
   0.275627E+01   0.389796E+02   0.175408E+01   0.141421E+02  -0.128693E+02
   0.276108E+01   0.390476E+02   0.169206E+01   0.141421E+02  -0.129165E+02
   0.276589E+01   0.391156E+02   0.162982E+01   0.141421E+02  -0.129636E+02
   0.277070E+01   0.391837E+02   0.156735E+01   0.141421E+02  -0.130108E+02
   0.277551E+01   0.392517E+02   0.150465E+01   0.141421E+02  -0.130579E+02
   0.278032E+01   0.393197E+02   0.144172E+01   0.141421E+02  -0.131050E+02
   0.278513E+01   0.393878E+02   0.137857E+01   0.141421E+02  -0.131522E+02
   0.278995E+01   0.394558E+02   0.131519E+01   0.141421E+02  -0.131993E+02
   0.279476E+01   0.395238E+02   0.125159E+01   0.141421E+02  -0.132465E+02
   0.279957E+01   0.395918E+02   0.118776E+01   0.141421E+02  -0.132936E+02
   0.280438E+01   0.396599E+02   0.112370E+01   0.141421E+02  -0.133407E+02
   0.280919E+01   0.397279E+02   0.105941E+01   0.141421E+02  -0.133879E+02
   0.281400E+01   0.397959E+02   0.994898E+00   0.141421E+02  -0.134350E+02
   0.281881E+01   0.398639E+02   0.930159E+00   0.141421E+02  -0.134822E+02
   0.282362E+01   0.399320E+02   0.865193E+00   0.141421E+02  -0.135293E+02
   0.282843E+01   0.400000E+02   0.800000E+00   0.141421E+02  -0.135765E+02
   0.283324E+01   0.400680E+02   0.734580E+00   0.141421E+02  -0.136236E+02
   0.283805E+01   0.401361E+02   0.668934E+00   0.141421E+02  -0.136707E+02
   0.284286E+01   0.402041E+02   0.603061E+00   0.141421E+02  -0.137179E+02
   0.284767E+01   0.402721E+02   0.536961E+00   0.141421E+02  -0.137650E+02
   0.285248E+01   0.403401E+02   0.470635E+00   0.141421E+02  -0.138122E+02
   0.285729E+01   0.404082E+02   0.404082E+00   0.141421E+02  -0.138593E+02
   0.286210E+01   0.404762E+02   0.337302E+00   0.141421E+02  -0.139064E+02
   0.286691E+01   0.405442E+02   0.270295E+00   0.141421E+02  -0.139536E+02
   0.287172E+01   0.406122E+02   0.203061E+00   0.141421E+02  -0.140007E+02
   0.287653E+01   0.406803E+02   0.135601E+00   0.141421E+02  -0.140479E+02
   0.288134E+01   0.407483E+02   0.679138E-01   0.141421E+02  -0.140950E+02
   0.288615E+01   0.408163E+02   0.319744E-12   0.141421E+02  -0.141421E+02
