    1000       0.00095       0.00001
    2000       0.00301       0.00002
    3000       0.00909       0.00003
    4000       0.01520       0.00004
    5000       0.02130       0.00004
    6000       0.00055       0.00000
    7000       0.02386       0.00003
    8000       0.04828       0.00006
    9000       0.07269       0.00008
   10000       0.09711       0.00010
   11000       0.12146       0.00011
   12000       0.14587       0.00012
   13000       0.17029       0.00013
   14000       0.19470       0.00014
   15000       0.21912       0.00015
   16000       0.24353       0.00015
   17000       0.26794       0.00016
   18000       0.29236       0.00016
   19000       0.31677       0.00017
   20000       0.34119       0.00017
   21000       0.30249       0.00014
   22000       0.20483       0.00009
   23000       0.10718       0.00005
   24000       0.00952       0.00000
   25000       0.08813       0.00004
   26000       0.18579       0.00007
   27000       0.28345       0.00010
   28000       0.38110       0.00014
   29000       0.47876       0.00017
   30000       0.57642       0.00019
   31000       0.67407       0.00022
   32000       0.77173       0.00024
   33000       0.86938       0.00026
   34000       0.96704       0.00028
   35000       1.06470       0.00030
   36000       1.16235       0.00032
   37000       1.26001       0.00034
   38000       1.35767       0.00036
   39000       1.45532       0.00037
   40000       1.55298       0.00039
   41000       1.65039       0.00040
   42000       1.74805       0.00042
   43000       1.84570       0.00043
   44000       1.94336       0.00044
   45000       2.04102       0.00045
   46000       2.13867       0.00046
   47000       2.23633       0.00048
   48000       2.33398       0.00049
   49000       2.43164       0.00050
   50000       2.52930       0.00051
   51000       2.62695       0.00052
   52000       2.72461       0.00052
   53000       2.82227       0.00053
   54000       2.91992       0.00054
   55000       3.01758       0.00055
   56000       3.11523       0.00056
   57000       3.21289       0.00056
   58000       3.31055       0.00057
   59000       3.40820       0.00058
   60000       3.50586       0.00058
   61000       3.60352       0.00059
   62000       3.70117       0.00060
   63000       3.79883       0.00060
   64000       3.89648       0.00061
   65000       3.99414       0.00061
   66000       4.09180       0.00062
   67000       4.18945       0.00063
   68000       4.28711       0.00063
   69000       4.38477       0.00064
   70000       4.48242       0.00064
   71000       4.58008       0.00065
   72000       4.67773       0.00065
   73000       4.77539       0.00065
   74000       4.87305       0.00066
   75000       4.97070       0.00066
   76000       5.06836       0.00067
   77000       5.16602       0.00067
   78000       5.26367       0.00067
   79000       5.36133       0.00068
   80000       5.45898       0.00068
   81000       5.55664       0.00069
   82000       5.58789       0.00068
   83000       5.19727       0.00063
   84000       4.80664       0.00057
   85000       4.41602       0.00052
   86000       4.02539       0.00047
   87000       3.63477       0.00042
   88000       3.24414       0.00037
   89000       2.85352       0.00032
   90000       2.46289       0.00027
   91000       2.07227       0.00023
   92000       1.68164       0.00018
   93000       1.29102       0.00014
   94000       0.90039       0.00010
   95000       0.50977       0.00005
   96000       0.11914       0.00001
   97000       0.27148       0.00003
   98000       0.66211       0.00007
   99000       1.05273       0.00011
  100000       1.44336       0.00014
  101000       1.83398       0.00018
  102000       2.22461       0.00022
  103000       2.61523       0.00025
  104000       3.00586       0.00029
  105000       3.39648       0.00032
  106000       3.78711       0.00036
  107000       4.17773       0.00039
  108000       4.56836       0.00042
  109000       4.95898       0.00045
  110000       5.34961       0.00049
  111000       5.74023       0.00052
  112000       6.13086       0.00055
  113000       6.52148       0.00058
  114000       6.91211       0.00061
  115000       7.30273       0.00064
  116000       7.69336       0.00066
  117000       8.08398       0.00069
  118000       8.47461       0.00072
  119000       8.86523       0.00074
  120000       9.25586       0.00077
  121000       9.64648       0.00080
  122000      10.03711       0.00082
  123000      10.42773       0.00085
  124000      10.81836       0.00087
  125000      11.20898       0.00090
  126000      11.59961       0.00092
  127000      11.99023       0.00094
  128000      12.38086       0.00097
  129000      12.77148       0.00099
  130000      13.16211       0.00101
  131000      13.55273       0.00103
  132000      13.94336       0.00106
  133000      14.33398       0.00108
  134000      14.72461       0.00110
  135000      15.11523       0.00112
  136000      15.50586       0.00114
  137000      15.89648       0.00116
  138000      16.28711       0.00118
  139000      16.67773       0.00120
  140000      17.06836       0.00122
  141000      17.45898       0.00124
  142000      17.84961       0.00126
  143000      18.24023       0.00128
  144000      18.63086       0.00129
  145000      19.02148       0.00131
  146000      19.41211       0.00133
  147000      19.80273       0.00135
  148000      20.19336       0.00136
  149000      20.58398       0.00138
  150000      20.97461       0.00140
  151000      21.36523       0.00141
  152000      21.75586       0.00143
  153000      22.14648       0.00145
  154000      22.53711       0.00146
  155000      22.92773       0.00148
  156000      23.31836       0.00149
  157000      23.70898       0.00151
  158000      24.09961       0.00153
  159000      24.49023       0.00154
  160000      24.88086       0.00156
  161000      25.27148       0.00157
  162000      25.66211       0.00158
  163000      26.05273       0.00160
  164000      26.44336       0.00161
  165000      26.83398       0.00163
  166000      27.22461       0.00164
  167000      27.61523       0.00165
  168000      28.00586       0.00167
  169000      28.39648       0.00168
  170000      28.78711       0.00169
  171000      29.17773       0.00171
  172000      29.56836       0.00172
  173000      29.95898       0.00173
  174000      30.34961       0.00174
  175000      30.74023       0.00176
  176000      31.13086       0.00177
  177000      31.52148       0.00178
  178000      31.91211       0.00179
  179000      32.30273       0.00180
  180000      32.69336       0.00182
  181000      33.08398       0.00183
  182000      33.47461       0.00184
  183000      33.86523       0.00185
  184000      34.25586       0.00186
  185000      34.64648       0.00187
  186000      35.03711       0.00188
  187000      35.42773       0.00189
  188000      35.81836       0.00191
  189000      36.20898       0.00192
  190000      36.59961       0.00193
  191000      36.99023       0.00194
  192000      37.38086       0.00195
  193000      37.77148       0.00196
  194000      38.16211       0.00197
  195000      38.55273       0.00198
  196000      38.94336       0.00199
  197000      39.33398       0.00200
  198000      39.72461       0.00201
  199000      40.11523       0.00202
  200000      40.50586       0.00203
  201000      40.89648       0.00203
  202000      41.28711       0.00204
  203000      41.67773       0.00205
  204000      42.06836       0.00206
  205000      42.45898       0.00207
  206000      42.84961       0.00208
  207000      43.24023       0.00209
  208000      43.63086       0.00210
  209000      44.02148       0.00211
  210000      44.41211       0.00211
  211000      44.80273       0.00212
  212000      45.19336       0.00213
  213000      45.58398       0.00214
  214000      45.97461       0.00215
  215000      46.36523       0.00216
  216000      46.75586       0.00216
  217000      47.14648       0.00217
  218000      47.53711       0.00218
  219000      47.92773       0.00219
  220000      48.31836       0.00220
  221000      48.70898       0.00220
  222000      49.09961       0.00221
  223000      49.49023       0.00222
  224000      49.88086       0.00223
  225000      50.27148       0.00223
  226000      50.66211       0.00224
  227000      51.05273       0.00225
  228000      51.44336       0.00226
  229000      51.83398       0.00226
  230000      52.22461       0.00227
  231000      52.61523       0.00228
  232000      53.00586       0.00228
  233000      53.39648       0.00229
  234000      53.78711       0.00230
  235000      54.17773       0.00231
  236000      54.56836       0.00231
  237000      54.95898       0.00232
  238000      55.34961       0.00233
  239000      55.74023       0.00233
  240000      56.13086       0.00234
  241000      56.52148       0.00235
  242000      56.91211       0.00235
  243000      57.30273       0.00236
  244000      57.69336       0.00236
  245000      58.08398       0.00237
  246000      58.47461       0.00238
  247000      58.86523       0.00238
  248000      59.25586       0.00239
  249000      59.64648       0.00240
  250000      60.03711       0.00240
  251000      60.42773       0.00241
  252000      60.81836       0.00241
  253000      61.20898       0.00242
  254000      61.59961       0.00243
  255000      61.99023       0.00243
  256000      62.38086       0.00244
  257000      62.77148       0.00244
  258000      63.16211       0.00245
  259000      63.55273       0.00245
  260000      63.94336       0.00246
  261000      64.33398       0.00246
  262000      64.72461       0.00247
  263000      65.11523       0.00248
  264000      65.50586       0.00248
  265000      65.89648       0.00249
  266000      66.28711       0.00249
  267000      66.67773       0.00250
  268000      67.06836       0.00250
  269000      67.45898       0.00251
  270000      67.84961       0.00251
  271000      68.24023       0.00252
  272000      68.63086       0.00252
  273000      69.02148       0.00253
  274000      69.41211       0.00253
  275000      69.80273       0.00254
  276000      70.19336       0.00254
  277000      70.58398       0.00255
  278000      70.97461       0.00255
  279000      71.36523       0.00256
  280000      71.75586       0.00256
  281000      72.14648       0.00257
  282000      72.53711       0.00257
  283000      72.92773       0.00258
  284000      73.31836       0.00258
  285000      73.70898       0.00259
  286000      74.09961       0.00259
  287000      74.49023       0.00260
  288000      74.88086       0.00260
  289000      75.27148       0.00260
  290000      75.66211       0.00261
  291000      76.05273       0.00261
  292000      76.44336       0.00262
  293000      76.83398       0.00262
  294000      77.22461       0.00263
  295000      77.61523       0.00263
  296000      78.00586       0.00264
  297000      78.39648       0.00264
  298000      78.78711       0.00264
  299000      79.17773       0.00265
  300000      79.56836       0.00265
  301000      79.95898       0.00266
  302000      80.34961       0.00266
  303000      80.74023       0.00266
  304000      81.13086       0.00267
  305000      81.52148       0.00267
  306000      81.91211       0.00268
  307000      82.30273       0.00268
  308000      82.69336       0.00268
  309000      83.08398       0.00269
  310000      83.47461       0.00269
  311000      83.86523       0.00270
  312000      84.25586       0.00270
  313000      84.64648       0.00270
  314000      85.03711       0.00271
  315000      85.42773       0.00271
  316000      85.81836       0.00272
  317000      86.20898       0.00272
  318000      86.59961       0.00272
  319000      86.99023       0.00273
  320000      87.38086       0.00273
  321000      87.77148       0.00273
  322000      88.16211       0.00274
  323000      88.55273       0.00274
  324000      88.94336       0.00275
  325000      89.33398       0.00275
  326000      89.72461       0.00275
  327000      90.11523       0.00276
  328000      90.50586       0.00276
  329000      90.08984       0.00274
  330000      88.52734       0.00268
  331000      86.96484       0.00263
  332000      85.40234       0.00257
  333000      83.83984       0.00252
  334000      82.27734       0.00246
  335000      80.71484       0.00241
  336000      79.15234       0.00236
  337000      77.58984       0.00230
  338000      76.02734       0.00225
  339000      74.46484       0.00220
  340000      72.90234       0.00214
  341000      71.33984       0.00209
  342000      69.77734       0.00204
  343000      68.21484       0.00199
  344000      66.65234       0.00194
  345000      65.08984       0.00189
  346000      63.52734       0.00184
  347000      61.96484       0.00179
  348000      60.40234       0.00174
  349000      58.83984       0.00169
  350000      57.27734       0.00164
  351000      55.71484       0.00159
  352000      54.15234       0.00154
  353000      52.58984       0.00149
  354000      51.02734       0.00144
  355000      49.46484       0.00139
  356000      47.90234       0.00135
  357000      46.33984       0.00130
  358000      44.77734       0.00125
  359000      43.21484       0.00120
  360000      41.65234       0.00116
  361000      40.08984       0.00111
  362000      38.52734       0.00106
  363000      36.96484       0.00102
  364000      35.40234       0.00097
  365000      33.83984       0.00093
  366000      32.27734       0.00088
  367000      30.71484       0.00084
  368000      29.15234       0.00079
  369000      27.58984       0.00075
  370000      26.02734       0.00070
  371000      24.46484       0.00066
  372000      22.90234       0.00062
  373000      21.33984       0.00057
  374000      19.77734       0.00053
  375000      18.21484       0.00049
  376000      16.65234       0.00044
  377000      15.08984       0.00040
  378000      13.52734       0.00036
  379000      11.96484       0.00032
  380000      10.40234       0.00027
  381000       8.83984       0.00023
  382000       7.27734       0.00019
  383000       5.71484       0.00015
  384000       4.15234       0.00011
  385000       2.58984       0.00007
  386000       1.02734       0.00003
  387000       0.53516       0.00001
  388000       2.09766       0.00005
  389000       3.66016       0.00009
  390000       5.22266       0.00013
  391000       6.78516       0.00017
  392000       8.34766       0.00021
  393000       9.91016       0.00025
  394000      11.47266       0.00029
  395000      13.03516       0.00033
  396000      14.59766       0.00037
  397000      16.16016       0.00041
  398000      17.72266       0.00045
  399000      19.28516       0.00048
  400000      20.84766       0.00052
  401000      22.41016       0.00056
  402000      23.97266       0.00060
  403000      25.53516       0.00063
  404000      27.09766       0.00067
  405000      28.66016       0.00071
  406000      30.22266       0.00074
  407000      31.78516       0.00078
  408000      33.34766       0.00082
  409000      34.91016       0.00085
  410000      36.47266       0.00089
  411000      38.03516       0.00093
  412000      39.59766       0.00096
  413000      41.16016       0.00100
  414000      42.72266       0.00103
  415000      44.28516       0.00107
  416000      45.84766       0.00110
  417000      47.41016       0.00114
  418000      48.97266       0.00117
  419000      50.53516       0.00121
  420000      52.09766       0.00124
  421000      53.66016       0.00127
  422000      55.22266       0.00131
  423000      56.78516       0.00134
  424000      58.34766       0.00138
  425000      59.91016       0.00141
  426000      61.47266       0.00144
  427000      63.03516       0.00148
  428000      64.59766       0.00151
  429000      66.16016       0.00154
  430000      67.72266       0.00157
  431000      69.28516       0.00161
  432000      70.84766       0.00164
  433000      72.41016       0.00167
  434000      73.97266       0.00170
  435000      75.53516       0.00174
  436000      77.09766       0.00177
  437000      78.66016       0.00180
  438000      80.22266       0.00183
  439000      81.78516       0.00186
  440000      83.34766       0.00189
  441000      84.91016       0.00193
  442000      86.47266       0.00196
  443000      88.03516       0.00199
  444000      89.59766       0.00202
  445000      91.16016       0.00205
  446000      92.72266       0.00208
  447000      94.28516       0.00211
  448000      95.84766       0.00214
  449000      97.41016       0.00217
  450000      98.97266       0.00220
  451000     100.53516       0.00223
  452000     102.09766       0.00226
  453000     103.66016       0.00229
  454000     105.22266       0.00232
  455000     106.78516       0.00235
  456000     108.34766       0.00238
  457000     109.91016       0.00241
  458000     111.47266       0.00243
  459000     113.03516       0.00246
  460000     114.59766       0.00249
  461000     116.16016       0.00252
  462000     117.72266       0.00255
  463000     119.28516       0.00258
  464000     120.84766       0.00260
  465000     122.41016       0.00263
  466000     123.97266       0.00266
  467000     125.53516       0.00269
  468000     127.09766       0.00272
  469000     128.66016       0.00274
  470000     130.22266       0.00277
  471000     131.78516       0.00280
  472000     133.34766       0.00283
  473000     134.91016       0.00285
  474000     136.47266       0.00288
  475000     138.03516       0.00291
  476000     139.59766       0.00293
  477000     141.16016       0.00296
  478000     142.72266       0.00299
  479000     144.28516       0.00301
  480000     145.84766       0.00304
  481000     147.41016       0.00306
  482000     148.97266       0.00309
  483000     150.53516       0.00312
  484000     152.09766       0.00314
  485000     153.66016       0.00317
  486000     155.22266       0.00319
  487000     156.78516       0.00322
  488000     158.34766       0.00324
  489000     159.91016       0.00327
  490000     161.47266       0.00330
  491000     163.03516       0.00332
  492000     164.59766       0.00335
  493000     166.16016       0.00337
  494000     167.72266       0.00340
  495000     169.28516       0.00342
  496000     170.84766       0.00344
  497000     172.41016       0.00347
  498000     173.97266       0.00349
  499000     175.53516       0.00352
  500000     177.09766       0.00354
  501000     178.66016       0.00357
  502000     180.22266       0.00359
  503000     181.78516       0.00361
  504000     183.34766       0.00364
  505000     184.91016       0.00366
  506000     186.47266       0.00369
  507000     188.03516       0.00371
  508000     189.59766       0.00373
  509000     191.16016       0.00376
  510000     192.72266       0.00378
  511000     194.28516       0.00380
  512000     195.84766       0.00383
  513000     197.41016       0.00385
  514000     198.97266       0.00387
  515000     200.53516       0.00389
  516000     202.09766       0.00392
  517000     203.66016       0.00394
  518000     205.22266       0.00396
  519000     206.78516       0.00398
  520000     208.34766       0.00401
  521000     209.91016       0.00403
  522000     211.47266       0.00405
  523000     213.03516       0.00407
  524000     214.59766       0.00410
  525000     216.16016       0.00412
  526000     217.72266       0.00414
  527000     219.28516       0.00416
  528000     220.84766       0.00418
  529000     222.41016       0.00420
  530000     223.97266       0.00423
  531000     225.53516       0.00425
  532000     227.09766       0.00427
  533000     228.66016       0.00429
  534000     230.22266       0.00431
  535000     231.78516       0.00433
  536000     233.34766       0.00435
  537000     234.91016       0.00437
  538000     236.47266       0.00440
  539000     238.03516       0.00442
  540000     239.59766       0.00444
  541000     241.16016       0.00446
  542000     242.72266       0.00448
  543000     244.28516       0.00450
  544000     245.84766       0.00452
  545000     247.41016       0.00454
  546000     248.97266       0.00456
  547000     250.53516       0.00458
  548000     252.09766       0.00460
  549000     253.66016       0.00462
  550000     255.22266       0.00464
  551000     256.78516       0.00466
  552000     258.34766       0.00468
  553000     259.91016       0.00470
  554000     261.47266       0.00472
  555000     263.03516       0.00474
  556000     264.59766       0.00476
  557000     266.16016       0.00478
  558000     267.72266       0.00480
  559000     269.28516       0.00482
  560000     270.84766       0.00484
  561000     272.41016       0.00486
  562000     273.97266       0.00487
  563000     275.53516       0.00489
  564000     277.09766       0.00491
  565000     278.66016       0.00493
  566000     280.22266       0.00495
  567000     281.78516       0.00497
  568000     283.34766       0.00499
  569000     284.91016       0.00501
  570000     286.47266       0.00503
  571000     288.03516       0.00504
  572000     289.59766       0.00506
  573000     291.16016       0.00508
  574000     292.72266       0.00510
  575000     294.28516       0.00512
  576000     295.84766       0.00514
  577000     297.41016       0.00515
  578000     298.97266       0.00517
  579000     300.53516       0.00519
  580000     302.09766       0.00521
  581000     303.66016       0.00523
  582000     305.22266       0.00524
  583000     306.78516       0.00526
  584000     308.34766       0.00528
  585000     309.91016       0.00530
  586000     311.47266       0.00532
  587000     313.03516       0.00533
  588000     314.59766       0.00535
  589000     316.16016       0.00537
  590000     317.72266       0.00539
  591000     319.28516       0.00540
  592000     320.84766       0.00542
  593000     322.41016       0.00544
  594000     323.97266       0.00545
  595000     325.53516       0.00547
  596000     327.09766       0.00549
  597000     328.66016       0.00551
  598000     330.22266       0.00552
  599000     331.78516       0.00554
  600000     333.34766       0.00556
  601000     334.91016       0.00557
  602000     336.47266       0.00559
  603000     338.03516       0.00561
  604000     339.59766       0.00562
  605000     341.16016       0.00564
  606000     342.72266       0.00566
  607000     344.28516       0.00567
  608000     345.84766       0.00569
  609000     347.41016       0.00570
  610000     348.97266       0.00572
  611000     350.53516       0.00574
  612000     352.09766       0.00575
  613000     353.66016       0.00577
  614000     355.22266       0.00579
  615000     356.78516       0.00580
  616000     358.34766       0.00582
  617000     359.91016       0.00583
  618000     361.47266       0.00585
  619000     363.03516       0.00586
  620000     364.59766       0.00588
  621000     366.16016       0.00590
  622000     367.72266       0.00591
  623000     369.28516       0.00593
  624000     370.84766       0.00594
  625000     372.41016       0.00596
  626000     373.97266       0.00597
  627000     375.53516       0.00599
  628000     377.09766       0.00600
  629000     378.66016       0.00602
  630000     380.22266       0.00604
  631000     381.78516       0.00605
  632000     383.34766       0.00607
  633000     384.91016       0.00608
  634000     386.47266       0.00610
  635000     388.03516       0.00611
  636000     389.59766       0.00613
  637000     391.16016       0.00614
  638000     392.72266       0.00616
  639000     394.28516       0.00617
  640000     395.84766       0.00619
  641000     397.41016       0.00620
  642000     398.97266       0.00621
  643000     400.53516       0.00623
  644000     402.09766       0.00624
  645000     403.66016       0.00626
  646000     405.22266       0.00627
  647000     406.78516       0.00629
  648000     408.34766       0.00630
  649000     409.91016       0.00632
  650000     411.47266       0.00633
  651000     413.03516       0.00634
  652000     414.59375       0.00636
  653000     416.15625       0.00637
  654000     417.71875       0.00639
  655000     419.28125       0.00640
  656000     420.84375       0.00642
  657000     422.40625       0.00643
  658000     423.96875       0.00644
  659000     425.53125       0.00646
  660000     427.09375       0.00647
  661000     428.65625       0.00648
  662000     430.21875       0.00650
  663000     431.78125       0.00651
  664000     433.34375       0.00653
  665000     434.90625       0.00654
  666000     436.46875       0.00655
  667000     438.03125       0.00657
  668000     439.59375       0.00658
  669000     441.15625       0.00659
  670000     442.71875       0.00661
  671000     444.28125       0.00662
  672000     445.84375       0.00663
  673000     447.40625       0.00665
  674000     448.96875       0.00666
  675000     450.53125       0.00667
  676000     452.09375       0.00669
  677000     453.65625       0.00670
  678000     455.21875       0.00671
  679000     456.78125       0.00673
  680000     458.34375       0.00674
  681000     459.90625       0.00675
  682000     461.46875       0.00677
  683000     463.03125       0.00678
  684000     464.59375       0.00679
  685000     466.15625       0.00681
  686000     467.71875       0.00682
  687000     469.28125       0.00683
  688000     470.84375       0.00684
  689000     472.40625       0.00686
  690000     473.96875       0.00687
  691000     475.53125       0.00688
  692000     477.09375       0.00689
  693000     478.65625       0.00691
  694000     480.21875       0.00692
  695000     481.78125       0.00693
  696000     483.34375       0.00694
  697000     484.90625       0.00696
  698000     486.46875       0.00697
  699000     488.03125       0.00698
  700000     489.59375       0.00699
  701000     491.15625       0.00701
  702000     492.71875       0.00702
  703000     494.28125       0.00703
  704000     495.84375       0.00704
  705000     497.40625       0.00706
  706000     498.96875       0.00707
  707000     500.53125       0.00708
  708000     502.09375       0.00709
  709000     503.65625       0.00710
  710000     505.21875       0.00712
  711000     506.78125       0.00713
  712000     508.34375       0.00714
  713000     509.90625       0.00715
  714000     511.46875       0.00716
  715000     513.03125       0.00718
  716000     514.59375       0.00719
  717000     516.15625       0.00720
  718000     517.71875       0.00721
  719000     519.28125       0.00722
  720000     520.84375       0.00723
  721000     522.40625       0.00725
  722000     523.96875       0.00726
  723000     525.53125       0.00727
  724000     527.09375       0.00728
  725000     528.65625       0.00729
  726000     530.21875       0.00730
  727000     531.78125       0.00731
  728000     533.34375       0.00733
  729000     534.90625       0.00734
  730000     536.46875       0.00735
  731000     538.03125       0.00736
  732000     539.59375       0.00737
  733000     541.15625       0.00738
  734000     542.71875       0.00739
  735000     544.28125       0.00741
  736000     545.84375       0.00742
  737000     547.40625       0.00743
  738000     548.96875       0.00744
  739000     550.53125       0.00745
  740000     552.09375       0.00746
  741000     553.65625       0.00747
  742000     555.21875       0.00748
  743000     556.78125       0.00749
  744000     558.34375       0.00750
  745000     559.90625       0.00752
  746000     561.46875       0.00753
  747000     563.03125       0.00754
  748000     564.59375       0.00755
  749000     566.15625       0.00756
  750000     567.71875       0.00757
  751000     569.28125       0.00758
  752000     570.84375       0.00759
  753000     572.40625       0.00760
  754000     573.96875       0.00761
  755000     575.53125       0.00762
  756000     577.09375       0.00763
  757000     578.65625       0.00764
  758000     580.21875       0.00765
  759000     581.78125       0.00767
  760000     583.34375       0.00768
  761000     584.90625       0.00769
  762000     586.46875       0.00770
  763000     588.03125       0.00771
  764000     589.59375       0.00772
  765000     591.15625       0.00773
  766000     592.71875       0.00774
  767000     594.28125       0.00775
  768000     595.84375       0.00776
  769000     597.40625       0.00777
  770000     598.96875       0.00778
  771000     600.53125       0.00779
  772000     602.09375       0.00780
  773000     603.65625       0.00781
  774000     605.21875       0.00782
  775000     606.78125       0.00783
  776000     608.34375       0.00784
  777000     609.90625       0.00785
  778000     611.46875       0.00786
  779000     613.03125       0.00787
  780000     614.59375       0.00788
  781000     616.15625       0.00789
  782000     617.71875       0.00790
  783000     619.28125       0.00791
  784000     620.84375       0.00792
  785000     622.40625       0.00793
  786000     623.96875       0.00794
  787000     625.53125       0.00795
  788000     627.09375       0.00796
  789000     628.65625       0.00797
  790000     630.21875       0.00798
  791000     631.78125       0.00799
  792000     633.34375       0.00800
  793000     634.90625       0.00801
  794000     636.46875       0.00802
  795000     638.03125       0.00803
  796000     639.59375       0.00804
  797000     641.15625       0.00804
  798000     642.71875       0.00805
  799000     644.28125       0.00806
  800000     645.84375       0.00807
  801000     647.40625       0.00808
  802000     648.96875       0.00809
  803000     650.53125       0.00810
  804000     652.09375       0.00811
  805000     653.65625       0.00812
  806000     655.21875       0.00813
  807000     656.78125       0.00814
  808000     658.34375       0.00815
  809000     659.90625       0.00816
  810000     661.46875       0.00817
  811000     663.03125       0.00818
  812000     664.59375       0.00818
  813000     666.15625       0.00819
  814000     667.71875       0.00820
  815000     669.28125       0.00821
  816000     670.84375       0.00822
  817000     672.40625       0.00823
  818000     673.96875       0.00824
  819000     675.53125       0.00825
  820000     677.09375       0.00826
  821000     678.65625       0.00827
  822000     680.21875       0.00828
  823000     681.78125       0.00828
  824000     683.34375       0.00829
  825000     684.90625       0.00830
  826000     686.46875       0.00831
  827000     688.03125       0.00832
  828000     689.59375       0.00833
  829000     691.15625       0.00834
  830000     692.71875       0.00835
  831000     694.28125       0.00835
  832000     695.84375       0.00836
  833000     697.40625       0.00837
  834000     698.96875       0.00838
  835000     700.53125       0.00839
  836000     702.09375       0.00840
  837000     703.65625       0.00841
  838000     705.21875       0.00842
  839000     706.78125       0.00842
  840000     708.34375       0.00843
  841000     709.90625       0.00844
  842000     711.46875       0.00845
  843000     713.03125       0.00846
  844000     714.59375       0.00847
  845000     716.15625       0.00848
  846000     717.71875       0.00848
  847000     719.28125       0.00849
  848000     720.84375       0.00850
  849000     722.40625       0.00851
  850000     723.96875       0.00852
  851000     725.53125       0.00853
  852000     727.09375       0.00853
  853000     728.65625       0.00854
  854000     730.21875       0.00855
  855000     731.78125       0.00856
  856000     733.34375       0.00857
  857000     734.90625       0.00858
  858000     736.46875       0.00858
  859000     738.03125       0.00859
  860000     739.59375       0.00860
  861000     741.15625       0.00861
  862000     742.71875       0.00862
  863000     744.28125       0.00862
  864000     745.84375       0.00863
  865000     747.40625       0.00864
  866000     748.96875       0.00865
  867000     750.53125       0.00866
  868000     752.09375       0.00866
  869000     753.65625       0.00867
  870000     755.21875       0.00868
  871000     756.78125       0.00869
  872000     758.34375       0.00870
  873000     759.90625       0.00870
  874000     761.46875       0.00871
  875000     763.03125       0.00872
  876000     764.59375       0.00873
  877000     766.15625       0.00874
  878000     767.71875       0.00874
  879000     769.28125       0.00875
  880000     770.84375       0.00876
  881000     772.40625       0.00877
  882000     773.96875       0.00878
  883000     775.53125       0.00878
  884000     777.09375       0.00879
  885000     778.65625       0.00880
  886000     780.21875       0.00881
  887000     781.78125       0.00881
  888000     783.34375       0.00882
  889000     784.90625       0.00883
  890000     786.46875       0.00884
  891000     788.03125       0.00884
  892000     789.59375       0.00885
  893000     791.15625       0.00886
  894000     792.71875       0.00887
  895000     794.28125       0.00887
  896000     795.84375       0.00888
  897000     797.40625       0.00889
  898000     798.96875       0.00890
  899000     800.53125       0.00890
  900000     802.09375       0.00891
  901000     803.65625       0.00892
  902000     805.21875       0.00893
  903000     806.78125       0.00893
  904000     808.34375       0.00894
  905000     809.90625       0.00895
  906000     811.46875       0.00896
  907000     813.03125       0.00896
  908000     814.59375       0.00897
  909000     816.15625       0.00898
  910000     817.71875       0.00899
  911000     819.28125       0.00899
  912000     820.84375       0.00900
  913000     822.40625       0.00901
  914000     823.96875       0.00901
  915000     825.53125       0.00902
  916000     827.09375       0.00903
  917000     828.65625       0.00904
  918000     830.21875       0.00904
  919000     831.78125       0.00905
  920000     833.34375       0.00906
  921000     834.90625       0.00907
  922000     836.46875       0.00907
  923000     838.03125       0.00908
  924000     839.59375       0.00909
  925000     841.15625       0.00909
  926000     842.71875       0.00910
  927000     844.28125       0.00911
  928000     845.84375       0.00911
  929000     847.40625       0.00912
  930000     848.96875       0.00913
  931000     850.53125       0.00914
  932000     852.09375       0.00914
  933000     853.65625       0.00915
  934000     855.21875       0.00916
  935000     856.78125       0.00916
  936000     858.34375       0.00917
  937000     859.90625       0.00918
  938000     861.46875       0.00918
  939000     863.03125       0.00919
  940000     864.59375       0.00920
  941000     866.15625       0.00920
  942000     867.71875       0.00921
  943000     869.28125       0.00922
  944000     870.84375       0.00923
  945000     872.40625       0.00923
  946000     873.96875       0.00924
  947000     875.53125       0.00925
  948000     877.09375       0.00925
  949000     878.65625       0.00926
  950000     880.21875       0.00927
  951000     881.78125       0.00927
  952000     883.34375       0.00928
  953000     884.90625       0.00929
  954000     886.46875       0.00929
  955000     888.03125       0.00930
  956000     889.59375       0.00931
  957000     891.15625       0.00931
  958000     892.71875       0.00932
  959000     894.28125       0.00933
  960000     895.84375       0.00933
  961000     897.40625       0.00934
  962000     898.96875       0.00934
  963000     900.53125       0.00935
  964000     902.09375       0.00936
  965000     903.65625       0.00936
  966000     905.21875       0.00937
  967000     906.78125       0.00938
  968000     908.34375       0.00938
  969000     909.90625       0.00939
  970000     911.46875       0.00940
  971000     913.03125       0.00940
  972000     914.59375       0.00941
  973000     916.15625       0.00942
  974000     917.71875       0.00942
  975000     919.28125       0.00943
  976000     920.84375       0.00943
  977000     922.40625       0.00944
  978000     923.96875       0.00945
  979000     925.53125       0.00945
  980000     927.09375       0.00946
  981000     928.65625       0.00947
  982000     930.21875       0.00947
  983000     931.78125       0.00948
  984000     933.34375       0.00949
  985000     934.90625       0.00949
  986000     936.46875       0.00950
  987000     938.03125       0.00950
  988000     939.59375       0.00951
  989000     941.15625       0.00952
  990000     942.71875       0.00952
  991000     944.28125       0.00953
  992000     945.84375       0.00953
  993000     947.40625       0.00954
  994000     948.96875       0.00955
  995000     950.53125       0.00955
  996000     952.09375       0.00956
  997000     953.65625       0.00957
  998000     955.21875       0.00957
  999000     956.78125       0.00958
 1000000     958.34375       0.00958
