    1000      99.99905       0.00095
    2000     199.99809       0.00191
    3000     299.99713       0.00287
    4000     399.99619       0.00381
    5000     499.99524       0.00476
    6000     599.99426       0.00574
    7000     699.99329       0.00671
    8000     799.99231       0.00769
    9000     899.99133       0.00867
   10000     999.99036       0.00964
   11000    1099.98938       0.01062
   12000    1199.98840       0.01160
   13000    1299.98743       0.01257
   14000    1399.98645       0.01355
   15000    1499.98547       0.01453
   16000    1599.98450       0.01550
   17000    1699.98352       0.01648
   18000    1799.98254       0.01746
   19000    1899.98157       0.01843
   20000    1999.98059       0.01941
   21000    2099.97974       0.02026
   22000    2199.97876       0.02124
   23000    2299.97778       0.02222
   24000    2399.97681       0.02319
   25000    2499.97583       0.02417
   26000    2599.97485       0.02515
   27000    2699.97388       0.02612
   28000    2799.97290       0.02710
   29000    2899.97192       0.02808
   30000    2999.97095       0.02905
   31000    3099.96997       0.03003
   32000    3199.96899       0.03101
   33000    3299.96802       0.03198
   34000    3399.96704       0.03296
   35000    3499.96606       0.03394
   36000    3599.96509       0.03491
   37000    3699.96411       0.03589
   38000    3799.96313       0.03687
   39000    3899.96216       0.03784
   40000    3999.96118       0.03882
   41000    4099.96045       0.03955
   42000    4199.95947       0.04053
   43000    4299.95850       0.04150
   44000    4399.95752       0.04248
   45000    4499.95654       0.04346
   46000    4599.95557       0.04443
   47000    4699.95459       0.04541
   48000    4799.95361       0.04639
   49000    4899.95264       0.04736
   50000    4999.95166       0.04834
   51000    5099.95068       0.04932
   52000    5199.94971       0.05029
   53000    5299.94873       0.05127
   54000    5399.94775       0.05225
   55000    5499.94678       0.05322
   56000    5599.94580       0.05420
   57000    5699.94482       0.05518
   58000    5799.94385       0.05615
   59000    5899.94287       0.05713
   60000    5999.94189       0.05811
   61000    6099.94092       0.05908
   62000    6199.93994       0.06006
   63000    6299.93896       0.06104
   64000    6399.93799       0.06201
   65000    6499.93701       0.06299
   66000    6599.93604       0.06396
   67000    6699.93506       0.06494
   68000    6799.93408       0.06592
   69000    6899.93311       0.06689
   70000    6999.93213       0.06787
   71000    7099.93115       0.06885
   72000    7199.93018       0.06982
   73000    7299.92920       0.07080
   74000    7399.92822       0.07178
   75000    7499.92725       0.07275
   76000    7599.92627       0.07373
   77000    7699.92529       0.07471
   78000    7799.92432       0.07568
   79000    7899.92334       0.07666
   80000    7999.92236       0.07764
   81000    8099.92139       0.07861
   82000    8199.92090       0.07910
   83000    8299.91992       0.08008
   84000    8399.91895       0.08105
   85000    8499.91797       0.08203
   86000    8599.91699       0.08301
   87000    8699.91602       0.08398
   88000    8799.91504       0.08496
   89000    8899.91406       0.08594
   90000    8999.91309       0.08691
   91000    9099.91211       0.08789
   92000    9199.91113       0.08887
   93000    9299.91016       0.08984
   94000    9399.90918       0.09082
   95000    9499.90820       0.09180
   96000    9599.90723       0.09277
   97000    9699.90625       0.09375
   98000    9799.90527       0.09473
   99000    9899.90430       0.09570
  100000    9999.90332       0.09668
  101000   10099.90234       0.09766
  102000   10199.90137       0.09863
  103000   10299.90039       0.09961
  104000   10399.89941       0.10059
  105000   10499.89844       0.10156
  106000   10599.89746       0.10254
  107000   10699.89648       0.10352
  108000   10799.89551       0.10449
  109000   10899.89453       0.10547
  110000   10999.89355       0.10645
  111000   11099.89258       0.10742
  112000   11199.89160       0.10840
  113000   11299.89062       0.10938
  114000   11399.88965       0.11035
  115000   11499.88867       0.11133
  116000   11599.88770       0.11230
  117000   11699.88672       0.11328
  118000   11799.88574       0.11426
  119000   11899.88477       0.11523
  120000   11999.88379       0.11621
  121000   12099.88281       0.11719
  122000   12199.88184       0.11816
  123000   12299.88086       0.11914
  124000   12399.87988       0.12012
  125000   12499.87891       0.12109
  126000   12599.87793       0.12207
  127000   12699.87695       0.12305
  128000   12799.87598       0.12402
  129000   12899.87500       0.12500
  130000   12999.87402       0.12598
  131000   13099.87305       0.12695
  132000   13199.87207       0.12793
  133000   13299.87109       0.12891
  134000   13399.87012       0.12988
  135000   13499.86914       0.13086
  136000   13599.86816       0.13184
  137000   13699.86719       0.13281
  138000   13799.86621       0.13379
  139000   13899.86523       0.13477
  140000   13999.86426       0.13574
  141000   14099.86328       0.13672
  142000   14199.86230       0.13770
  143000   14299.86133       0.13867
  144000   14399.86035       0.13965
  145000   14499.85938       0.14062
  146000   14599.85840       0.14160
  147000   14699.85742       0.14258
  148000   14799.85645       0.14355
  149000   14899.85547       0.14453
  150000   14999.85449       0.14551
  151000   15099.85352       0.14648
  152000   15199.85254       0.14746
  153000   15299.85156       0.14844
  154000   15399.85059       0.14941
  155000   15499.84961       0.15039
  156000   15599.84863       0.15137
  157000   15699.84766       0.15234
  158000   15799.84668       0.15332
  159000   15899.84570       0.15430
  160000   15999.84473       0.15527
  161000   16099.84375       0.15625
  162000   16199.84277       0.15723
  163000   16299.84180       0.15820
  164000   16399.84180       0.15820
  165000   16499.84180       0.15820
  166000   16599.84180       0.15820
  167000   16699.84180       0.15820
  168000   16799.84180       0.15820
  169000   16899.84180       0.15820
  170000   16999.84180       0.15820
  171000   17099.84180       0.15820
  172000   17199.84180       0.15820
  173000   17299.84180       0.15820
  174000   17399.84180       0.15820
  175000   17499.84180       0.15820
  176000   17599.84180       0.15820
  177000   17699.84180       0.15820
  178000   17799.84180       0.15820
  179000   17899.84180       0.15820
  180000   17999.84180       0.15820
  181000   18099.84180       0.15820
  182000   18199.84180       0.15820
  183000   18299.84180       0.15820
  184000   18399.84180       0.15820
  185000   18499.84180       0.15820
  186000   18599.84180       0.15820
  187000   18699.84180       0.15820
  188000   18799.84180       0.15820
  189000   18899.84180       0.15820
  190000   18999.84180       0.15820
  191000   19099.84180       0.15820
  192000   19199.84180       0.15820
  193000   19299.84180       0.15820
  194000   19399.84180       0.15820
  195000   19499.84180       0.15820
  196000   19599.84180       0.15820
  197000   19699.84180       0.15820
  198000   19799.84180       0.15820
  199000   19899.84180       0.15820
  200000   19999.84180       0.15820
  201000   20099.84180       0.15820
  202000   20199.84180       0.15820
  203000   20299.84180       0.15820
  204000   20399.84180       0.15820
  205000   20499.84180       0.15820
  206000   20599.84180       0.15820
  207000   20699.84180       0.15820
  208000   20799.84180       0.15820
  209000   20899.84180       0.15820
  210000   20999.84180       0.15820
  211000   21099.84180       0.15820
  212000   21199.84180       0.15820
  213000   21299.84180       0.15820
  214000   21399.84180       0.15820
  215000   21499.84180       0.15820
  216000   21599.84180       0.15820
  217000   21699.84180       0.15820
  218000   21799.84180       0.15820
  219000   21899.84180       0.15820
  220000   21999.84180       0.15820
  221000   22099.84180       0.15820
  222000   22199.84180       0.15820
  223000   22299.84180       0.15820
  224000   22399.84180       0.15820
  225000   22499.84180       0.15820
  226000   22599.84180       0.15820
  227000   22699.84180       0.15820
  228000   22799.84180       0.15820
  229000   22899.84180       0.15820
  230000   22999.84180       0.15820
  231000   23099.84180       0.15820
  232000   23199.84180       0.15820
  233000   23299.84180       0.15820
  234000   23399.84180       0.15820
  235000   23499.84180       0.15820
  236000   23599.84180       0.15820
  237000   23699.84180       0.15820
  238000   23799.84180       0.15820
  239000   23899.84180       0.15820
  240000   23999.84180       0.15820
  241000   24099.84180       0.15820
  242000   24199.84180       0.15820
  243000   24299.84180       0.15820
  244000   24399.84180       0.15820
  245000   24499.84180       0.15820
  246000   24599.84180       0.15820
  247000   24699.84180       0.15820
  248000   24799.84180       0.15820
  249000   24899.84180       0.15820
  250000   24999.84180       0.15820
  251000   25099.84180       0.15820
  252000   25199.84180       0.15820
  253000   25299.84180       0.15820
  254000   25399.84180       0.15820
  255000   25499.84180       0.15820
  256000   25599.84180       0.15820
  257000   25699.84180       0.15820
  258000   25799.84180       0.15820
  259000   25899.84180       0.15820
  260000   25999.84180       0.15820
  261000   26099.84180       0.15820
  262000   26199.84180       0.15820
  263000   26299.84180       0.15820
  264000   26399.84180       0.15820
  265000   26499.84180       0.15820
  266000   26599.84180       0.15820
  267000   26699.84180       0.15820
  268000   26799.84180       0.15820
  269000   26899.84180       0.15820
  270000   26999.84180       0.15820
  271000   27099.84180       0.15820
  272000   27199.84180       0.15820
  273000   27299.84180       0.15820
  274000   27399.84180       0.15820
  275000   27499.84180       0.15820
  276000   27599.84180       0.15820
  277000   27699.84180       0.15820
  278000   27799.84180       0.15820
  279000   27899.84180       0.15820
  280000   27999.84180       0.15820
  281000   28099.84180       0.15820
  282000   28199.84180       0.15820
  283000   28299.84180       0.15820
  284000   28399.84180       0.15820
  285000   28499.84180       0.15820
  286000   28599.84180       0.15820
  287000   28699.84180       0.15820
  288000   28799.84180       0.15820
  289000   28899.84180       0.15820
  290000   28999.84180       0.15820
  291000   29099.84180       0.15820
  292000   29199.84180       0.15820
  293000   29299.84180       0.15820
  294000   29399.84180       0.15820
  295000   29499.84180       0.15820
  296000   29599.84180       0.15820
  297000   29699.84180       0.15820
  298000   29799.84180       0.15820
  299000   29899.84180       0.15820
  300000   29999.84180       0.15820
  301000   30099.84180       0.15820
  302000   30199.84180       0.15820
  303000   30299.84180       0.15820
  304000   30399.84180       0.15820
  305000   30499.84180       0.15820
  306000   30599.84180       0.15820
  307000   30699.84180       0.15820
  308000   30799.84180       0.15820
  309000   30899.84180       0.15820
  310000   30999.84180       0.15820
  311000   31099.84180       0.15820
  312000   31199.84180       0.15820
  313000   31299.84180       0.15820
  314000   31399.84180       0.15820
  315000   31499.84180       0.15820
  316000   31599.84180       0.15820
  317000   31699.84180       0.15820
  318000   31799.84180       0.15820
  319000   31899.84180       0.15820
  320000   31999.84180       0.15820
  321000   32099.84180       0.15820
  322000   32199.84180       0.15820
  323000   32299.84180       0.15820
  324000   32399.84180       0.15820
  325000   32499.84180       0.15820
  326000   32599.84180       0.15820
  327000   32699.84180       0.15820
  328000   32799.83984       0.16016
  329000   32899.83984       0.16016
  330000   32999.83984       0.16016
  331000   33099.83984       0.16016
  332000   33199.83984       0.16016
  333000   33299.83984       0.16016
  334000   33399.83984       0.16016
  335000   33499.83984       0.16016
  336000   33599.83984       0.16016
  337000   33699.83984       0.16016
  338000   33799.83984       0.16016
  339000   33899.83984       0.16016
  340000   33999.83984       0.16016
  341000   34099.83984       0.16016
  342000   34199.83984       0.16016
  343000   34299.83984       0.16016
  344000   34399.83984       0.16016
  345000   34499.83984       0.16016
  346000   34599.83984       0.16016
  347000   34699.83984       0.16016
  348000   34799.83984       0.16016
  349000   34899.83984       0.16016
  350000   34999.83984       0.16016
  351000   35099.83984       0.16016
  352000   35199.83984       0.16016
  353000   35299.83984       0.16016
  354000   35399.83984       0.16016
  355000   35499.83984       0.16016
  356000   35599.83984       0.16016
  357000   35699.83984       0.16016
  358000   35799.83984       0.16016
  359000   35899.83984       0.16016
  360000   35999.83984       0.16016
  361000   36099.83984       0.16016
  362000   36199.83984       0.16016
  363000   36299.83984       0.16016
  364000   36399.83984       0.16016
  365000   36499.83984       0.16016
  366000   36599.83984       0.16016
  367000   36699.83984       0.16016
  368000   36799.83984       0.16016
  369000   36899.83984       0.16016
  370000   36999.83984       0.16016
  371000   37099.83984       0.16016
  372000   37199.83984       0.16016
  373000   37299.83984       0.16016
  374000   37399.83984       0.16016
  375000   37499.83984       0.16016
  376000   37599.83984       0.16016
  377000   37699.83984       0.16016
  378000   37799.83984       0.16016
  379000   37899.83984       0.16016
  380000   37999.83984       0.16016
  381000   38099.83984       0.16016
  382000   38199.83984       0.16016
  383000   38299.83984       0.16016
  384000   38399.83984       0.16016
  385000   38499.83984       0.16016
  386000   38599.83984       0.16016
  387000   38699.83984       0.16016
  388000   38799.83984       0.16016
  389000   38899.83984       0.16016
  390000   38999.83984       0.16016
  391000   39099.83984       0.16016
  392000   39199.83984       0.16016
  393000   39299.83984       0.16016
  394000   39399.83984       0.16016
  395000   39499.83984       0.16016
  396000   39599.83984       0.16016
  397000   39699.83984       0.16016
  398000   39799.83984       0.16016
  399000   39899.83984       0.16016
  400000   39999.83984       0.16016
  401000   40099.83984       0.16016
  402000   40199.83984       0.16016
  403000   40299.83984       0.16016
  404000   40399.83984       0.16016
  405000   40499.83984       0.16016
  406000   40599.83984       0.16016
  407000   40699.83984       0.16016
  408000   40799.83984       0.16016
  409000   40899.83984       0.16016
  410000   40999.83984       0.16016
  411000   41099.83984       0.16016
  412000   41199.83984       0.16016
  413000   41299.83984       0.16016
  414000   41399.83984       0.16016
  415000   41499.83984       0.16016
  416000   41599.83984       0.16016
  417000   41699.83984       0.16016
  418000   41799.83984       0.16016
  419000   41899.83984       0.16016
  420000   41999.83984       0.16016
  421000   42099.83984       0.16016
  422000   42199.83984       0.16016
  423000   42299.83984       0.16016
  424000   42399.83984       0.16016
  425000   42499.83984       0.16016
  426000   42599.83984       0.16016
  427000   42699.83984       0.16016
  428000   42799.83984       0.16016
  429000   42899.83984       0.16016
  430000   42999.83984       0.16016
  431000   43099.83984       0.16016
  432000   43199.83984       0.16016
  433000   43299.83984       0.16016
  434000   43399.83984       0.16016
  435000   43499.83984       0.16016
  436000   43599.83984       0.16016
  437000   43699.83984       0.16016
  438000   43799.83984       0.16016
  439000   43899.83984       0.16016
  440000   43999.83984       0.16016
  441000   44099.83984       0.16016
  442000   44199.83984       0.16016
  443000   44299.83984       0.16016
  444000   44399.83984       0.16016
  445000   44499.83984       0.16016
  446000   44599.83984       0.16016
  447000   44699.83984       0.16016
  448000   44799.83984       0.16016
  449000   44899.83984       0.16016
  450000   44999.83984       0.16016
  451000   45099.83984       0.16016
  452000   45199.83984       0.16016
  453000   45299.83984       0.16016
  454000   45399.83984       0.16016
  455000   45499.83984       0.16016
  456000   45599.83984       0.16016
  457000   45699.83984       0.16016
  458000   45799.83984       0.16016
  459000   45899.83984       0.16016
  460000   45999.83984       0.16016
  461000   46099.83984       0.16016
  462000   46199.83984       0.16016
  463000   46299.83984       0.16016
  464000   46399.83984       0.16016
  465000   46499.83984       0.16016
  466000   46599.83984       0.16016
  467000   46699.83984       0.16016
  468000   46799.83984       0.16016
  469000   46899.83984       0.16016
  470000   46999.83984       0.16016
  471000   47099.83984       0.16016
  472000   47199.83984       0.16016
  473000   47299.83984       0.16016
  474000   47399.83984       0.16016
  475000   47499.83984       0.16016
  476000   47599.83984       0.16016
  477000   47699.83984       0.16016
  478000   47799.83984       0.16016
  479000   47899.83984       0.16016
  480000   47999.83984       0.16016
  481000   48099.83984       0.16016
  482000   48199.83984       0.16016
  483000   48299.83984       0.16016
  484000   48399.83984       0.16016
  485000   48499.83984       0.16016
  486000   48599.83984       0.16016
  487000   48699.83984       0.16016
  488000   48799.83984       0.16016
  489000   48899.83984       0.16016
  490000   48999.83984       0.16016
  491000   49099.83984       0.16016
  492000   49199.83984       0.16016
  493000   49299.83984       0.16016
  494000   49399.83984       0.16016
  495000   49499.83984       0.16016
  496000   49599.83984       0.16016
  497000   49699.83984       0.16016
  498000   49799.83984       0.16016
  499000   49899.83984       0.16016
  500000   49999.83984       0.16016
  501000   50099.83984       0.16016
  502000   50199.83984       0.16016
  503000   50299.83984       0.16016
  504000   50399.83984       0.16016
  505000   50499.83984       0.16016
  506000   50599.83984       0.16016
  507000   50699.83984       0.16016
  508000   50799.83984       0.16016
  509000   50899.83984       0.16016
  510000   50999.83984       0.16016
  511000   51099.83984       0.16016
  512000   51199.83984       0.16016
  513000   51299.83984       0.16016
  514000   51399.83984       0.16016
  515000   51499.83984       0.16016
  516000   51599.83984       0.16016
  517000   51699.83984       0.16016
  518000   51799.83984       0.16016
  519000   51899.83984       0.16016
  520000   51999.83984       0.16016
  521000   52099.83984       0.16016
  522000   52199.83984       0.16016
  523000   52299.83984       0.16016
  524000   52399.83984       0.16016
  525000   52499.83984       0.16016
  526000   52599.83984       0.16016
  527000   52699.83984       0.16016
  528000   52799.83984       0.16016
  529000   52899.83984       0.16016
  530000   52999.83984       0.16016
  531000   53099.83984       0.16016
  532000   53199.83984       0.16016
  533000   53299.83984       0.16016
  534000   53399.83984       0.16016
  535000   53499.83984       0.16016
  536000   53599.83984       0.16016
  537000   53699.83984       0.16016
  538000   53799.83984       0.16016
  539000   53899.83984       0.16016
  540000   53999.83984       0.16016
  541000   54099.83984       0.16016
  542000   54199.83984       0.16016
  543000   54299.83984       0.16016
  544000   54399.83984       0.16016
  545000   54499.83984       0.16016
  546000   54599.83984       0.16016
  547000   54699.83984       0.16016
  548000   54799.83984       0.16016
  549000   54899.83984       0.16016
  550000   54999.83984       0.16016
  551000   55099.83984       0.16016
  552000   55199.83984       0.16016
  553000   55299.83984       0.16016
  554000   55399.83984       0.16016
  555000   55499.83984       0.16016
  556000   55599.83984       0.16016
  557000   55699.83984       0.16016
  558000   55799.83984       0.16016
  559000   55899.83984       0.16016
  560000   55999.83984       0.16016
  561000   56099.83984       0.16016
  562000   56199.83984       0.16016
  563000   56299.83984       0.16016
  564000   56399.83984       0.16016
  565000   56499.83984       0.16016
  566000   56599.83984       0.16016
  567000   56699.83984       0.16016
  568000   56799.83984       0.16016
  569000   56899.83984       0.16016
  570000   56999.83984       0.16016
  571000   57099.83984       0.16016
  572000   57199.83984       0.16016
  573000   57299.83984       0.16016
  574000   57399.83984       0.16016
  575000   57499.83984       0.16016
  576000   57599.83984       0.16016
  577000   57699.83984       0.16016
  578000   57799.83984       0.16016
  579000   57899.83984       0.16016
  580000   57999.83984       0.16016
  581000   58099.83984       0.16016
  582000   58199.83984       0.16016
  583000   58299.83984       0.16016
  584000   58399.83984       0.16016
  585000   58499.83984       0.16016
  586000   58599.83984       0.16016
  587000   58699.83984       0.16016
  588000   58799.83984       0.16016
  589000   58899.83984       0.16016
  590000   58999.83984       0.16016
  591000   59099.83984       0.16016
  592000   59199.83984       0.16016
  593000   59299.83984       0.16016
  594000   59399.83984       0.16016
  595000   59499.83984       0.16016
  596000   59599.83984       0.16016
  597000   59699.83984       0.16016
  598000   59799.83984       0.16016
  599000   59899.83984       0.16016
  600000   59999.83984       0.16016
  601000   60099.83984       0.16016
  602000   60199.83984       0.16016
  603000   60299.83984       0.16016
  604000   60399.83984       0.16016
  605000   60499.83984       0.16016
  606000   60599.83984       0.16016
  607000   60699.83984       0.16016
  608000   60799.83984       0.16016
  609000   60899.83984       0.16016
  610000   60999.83984       0.16016
  611000   61099.83984       0.16016
  612000   61199.83984       0.16016
  613000   61299.83984       0.16016
  614000   61399.83984       0.16016
  615000   61499.83984       0.16016
  616000   61599.83984       0.16016
  617000   61699.83984       0.16016
  618000   61799.83984       0.16016
  619000   61899.83984       0.16016
  620000   61999.83984       0.16016
  621000   62099.83984       0.16016
  622000   62199.83984       0.16016
  623000   62299.83984       0.16016
  624000   62399.83984       0.16016
  625000   62499.83984       0.16016
  626000   62599.83984       0.16016
  627000   62699.83984       0.16016
  628000   62799.83984       0.16016
  629000   62899.83984       0.16016
  630000   62999.83984       0.16016
  631000   63099.83984       0.16016
  632000   63199.83984       0.16016
  633000   63299.83984       0.16016
  634000   63399.83984       0.16016
  635000   63499.83984       0.16016
  636000   63599.83984       0.16016
  637000   63699.83984       0.16016
  638000   63799.83984       0.16016
  639000   63899.83984       0.16016
  640000   63999.83984       0.16016
  641000   64099.83984       0.16016
  642000   64199.83984       0.16016
  643000   64299.83984       0.16016
  644000   64399.83984       0.16016
  645000   64499.83984       0.16016
  646000   64599.83984       0.16016
  647000   64699.83984       0.16016
  648000   64799.83984       0.16016
  649000   64899.83984       0.16016
  650000   64999.83984       0.16016
  651000   65099.83984       0.16016
  652000   65199.83984       0.16016
  653000   65299.83984       0.16016
  654000   65399.83984       0.16016
  655000   65499.83984       0.16016
  656000   65599.83594       0.16406
  657000   65699.83594       0.16406
  658000   65799.83594       0.16406
  659000   65899.83594       0.16406
  660000   65999.83594       0.16406
  661000   66099.83594       0.16406
  662000   66199.83594       0.16406
  663000   66299.83594       0.16406
  664000   66399.83594       0.16406
  665000   66499.83594       0.16406
  666000   66599.83594       0.16406
  667000   66699.83594       0.16406
  668000   66799.83594       0.16406
  669000   66899.83594       0.16406
  670000   66999.83594       0.16406
  671000   67099.83594       0.16406
  672000   67199.83594       0.16406
  673000   67299.83594       0.16406
  674000   67399.83594       0.16406
  675000   67499.83594       0.16406
  676000   67599.83594       0.16406
  677000   67699.83594       0.16406
  678000   67799.83594       0.16406
  679000   67899.83594       0.16406
  680000   67999.83594       0.16406
  681000   68099.83594       0.16406
  682000   68199.83594       0.16406
  683000   68299.83594       0.16406
  684000   68399.83594       0.16406
  685000   68499.83594       0.16406
  686000   68599.83594       0.16406
  687000   68699.83594       0.16406
  688000   68799.83594       0.16406
  689000   68899.83594       0.16406
  690000   68999.83594       0.16406
  691000   69099.83594       0.16406
  692000   69199.83594       0.16406
  693000   69299.83594       0.16406
  694000   69399.83594       0.16406
  695000   69499.83594       0.16406
  696000   69599.83594       0.16406
  697000   69699.83594       0.16406
  698000   69799.83594       0.16406
  699000   69899.83594       0.16406
  700000   69999.83594       0.16406
  701000   70099.83594       0.16406
  702000   70199.83594       0.16406
  703000   70299.83594       0.16406
  704000   70399.83594       0.16406
  705000   70499.83594       0.16406
  706000   70599.83594       0.16406
  707000   70699.83594       0.16406
  708000   70799.83594       0.16406
  709000   70899.83594       0.16406
  710000   70999.83594       0.16406
  711000   71099.83594       0.16406
  712000   71199.83594       0.16406
  713000   71299.83594       0.16406
  714000   71399.83594       0.16406
  715000   71499.83594       0.16406
  716000   71599.83594       0.16406
  717000   71699.83594       0.16406
  718000   71799.83594       0.16406
  719000   71899.83594       0.16406
  720000   71999.83594       0.16406
  721000   72099.83594       0.16406
  722000   72199.83594       0.16406
  723000   72299.83594       0.16406
  724000   72399.83594       0.16406
  725000   72499.83594       0.16406
  726000   72599.83594       0.16406
  727000   72699.83594       0.16406
  728000   72799.83594       0.16406
  729000   72899.83594       0.16406
  730000   72999.83594       0.16406
  731000   73099.83594       0.16406
  732000   73199.83594       0.16406
  733000   73299.83594       0.16406
  734000   73399.83594       0.16406
  735000   73499.83594       0.16406
  736000   73599.83594       0.16406
  737000   73699.83594       0.16406
  738000   73799.83594       0.16406
  739000   73899.83594       0.16406
  740000   73999.83594       0.16406
  741000   74099.83594       0.16406
  742000   74199.83594       0.16406
  743000   74299.83594       0.16406
  744000   74399.83594       0.16406
  745000   74499.83594       0.16406
  746000   74599.83594       0.16406
  747000   74699.83594       0.16406
  748000   74799.83594       0.16406
  749000   74899.83594       0.16406
  750000   74999.83594       0.16406
  751000   75099.83594       0.16406
  752000   75199.83594       0.16406
  753000   75299.83594       0.16406
  754000   75399.83594       0.16406
  755000   75499.83594       0.16406
  756000   75599.83594       0.16406
  757000   75699.83594       0.16406
  758000   75799.83594       0.16406
  759000   75899.83594       0.16406
  760000   75999.83594       0.16406
  761000   76099.83594       0.16406
  762000   76199.83594       0.16406
  763000   76299.83594       0.16406
  764000   76399.83594       0.16406
  765000   76499.83594       0.16406
  766000   76599.83594       0.16406
  767000   76699.83594       0.16406
  768000   76799.83594       0.16406
  769000   76899.83594       0.16406
  770000   76999.83594       0.16406
  771000   77099.83594       0.16406
  772000   77199.83594       0.16406
  773000   77299.83594       0.16406
  774000   77399.83594       0.16406
  775000   77499.83594       0.16406
  776000   77599.83594       0.16406
  777000   77699.83594       0.16406
  778000   77799.83594       0.16406
  779000   77899.83594       0.16406
  780000   77999.83594       0.16406
  781000   78099.83594       0.16406
  782000   78199.83594       0.16406
  783000   78299.83594       0.16406
  784000   78399.83594       0.16406
  785000   78499.83594       0.16406
  786000   78599.83594       0.16406
  787000   78699.83594       0.16406
  788000   78799.83594       0.16406
  789000   78899.83594       0.16406
  790000   78999.83594       0.16406
  791000   79099.83594       0.16406
  792000   79199.83594       0.16406
  793000   79299.83594       0.16406
  794000   79399.83594       0.16406
  795000   79499.83594       0.16406
  796000   79599.83594       0.16406
  797000   79699.83594       0.16406
  798000   79799.83594       0.16406
  799000   79899.83594       0.16406
  800000   79999.83594       0.16406
  801000   80099.83594       0.16406
  802000   80199.83594       0.16406
  803000   80299.83594       0.16406
  804000   80399.83594       0.16406
  805000   80499.83594       0.16406
  806000   80599.83594       0.16406
  807000   80699.83594       0.16406
  808000   80799.83594       0.16406
  809000   80899.83594       0.16406
  810000   80999.83594       0.16406
  811000   81099.83594       0.16406
  812000   81199.83594       0.16406
  813000   81299.83594       0.16406
  814000   81399.83594       0.16406
  815000   81499.83594       0.16406
  816000   81599.83594       0.16406
  817000   81699.83594       0.16406
  818000   81799.83594       0.16406
  819000   81899.83594       0.16406
  820000   81999.83594       0.16406
  821000   82099.83594       0.16406
  822000   82199.83594       0.16406
  823000   82299.83594       0.16406
  824000   82399.83594       0.16406
  825000   82499.83594       0.16406
  826000   82599.83594       0.16406
  827000   82699.83594       0.16406
  828000   82799.83594       0.16406
  829000   82899.83594       0.16406
  830000   82999.83594       0.16406
  831000   83099.83594       0.16406
  832000   83199.83594       0.16406
  833000   83299.83594       0.16406
  834000   83399.83594       0.16406
  835000   83499.83594       0.16406
  836000   83599.83594       0.16406
  837000   83699.83594       0.16406
  838000   83799.83594       0.16406
  839000   83899.83594       0.16406
  840000   83999.83594       0.16406
  841000   84099.83594       0.16406
  842000   84199.83594       0.16406
  843000   84299.83594       0.16406
  844000   84399.83594       0.16406
  845000   84499.83594       0.16406
  846000   84599.83594       0.16406
  847000   84699.83594       0.16406
  848000   84799.83594       0.16406
  849000   84899.83594       0.16406
  850000   84999.83594       0.16406
  851000   85099.83594       0.16406
  852000   85199.83594       0.16406
  853000   85299.83594       0.16406
  854000   85399.83594       0.16406
  855000   85499.83594       0.16406
  856000   85599.83594       0.16406
  857000   85699.83594       0.16406
  858000   85799.83594       0.16406
  859000   85899.83594       0.16406
  860000   85999.83594       0.16406
  861000   86099.83594       0.16406
  862000   86199.83594       0.16406
  863000   86299.83594       0.16406
  864000   86399.83594       0.16406
  865000   86499.83594       0.16406
  866000   86599.83594       0.16406
  867000   86699.83594       0.16406
  868000   86799.83594       0.16406
  869000   86899.83594       0.16406
  870000   86999.83594       0.16406
  871000   87099.83594       0.16406
  872000   87199.83594       0.16406
  873000   87299.83594       0.16406
  874000   87399.83594       0.16406
  875000   87499.83594       0.16406
  876000   87599.83594       0.16406
  877000   87699.83594       0.16406
  878000   87799.83594       0.16406
  879000   87899.83594       0.16406
  880000   87999.83594       0.16406
  881000   88099.83594       0.16406
  882000   88199.83594       0.16406
  883000   88299.83594       0.16406
  884000   88399.83594       0.16406
  885000   88499.83594       0.16406
  886000   88599.83594       0.16406
  887000   88699.83594       0.16406
  888000   88799.83594       0.16406
  889000   88899.83594       0.16406
  890000   88999.83594       0.16406
  891000   89099.83594       0.16406
  892000   89199.83594       0.16406
  893000   89299.83594       0.16406
  894000   89399.83594       0.16406
  895000   89499.83594       0.16406
  896000   89599.83594       0.16406
  897000   89699.83594       0.16406
  898000   89799.83594       0.16406
  899000   89899.83594       0.16406
  900000   89999.83594       0.16406
  901000   90099.83594       0.16406
  902000   90199.83594       0.16406
  903000   90299.83594       0.16406
  904000   90399.83594       0.16406
  905000   90499.83594       0.16406
  906000   90599.83594       0.16406
  907000   90699.83594       0.16406
  908000   90799.83594       0.16406
  909000   90899.83594       0.16406
  910000   90999.83594       0.16406
  911000   91099.83594       0.16406
  912000   91199.83594       0.16406
  913000   91299.83594       0.16406
  914000   91399.83594       0.16406
  915000   91499.83594       0.16406
  916000   91599.83594       0.16406
  917000   91699.83594       0.16406
  918000   91799.83594       0.16406
  919000   91899.83594       0.16406
  920000   91999.83594       0.16406
  921000   92099.83594       0.16406
  922000   92199.83594       0.16406
  923000   92299.83594       0.16406
  924000   92399.83594       0.16406
  925000   92499.83594       0.16406
  926000   92599.83594       0.16406
  927000   92699.83594       0.16406
  928000   92799.83594       0.16406
  929000   92899.83594       0.16406
  930000   92999.83594       0.16406
  931000   93099.83594       0.16406
  932000   93199.83594       0.16406
  933000   93299.83594       0.16406
  934000   93399.83594       0.16406
  935000   93499.83594       0.16406
  936000   93599.83594       0.16406
  937000   93699.83594       0.16406
  938000   93799.83594       0.16406
  939000   93899.83594       0.16406
  940000   93999.83594       0.16406
  941000   94099.83594       0.16406
  942000   94199.83594       0.16406
  943000   94299.83594       0.16406
  944000   94399.83594       0.16406
  945000   94499.83594       0.16406
  946000   94599.83594       0.16406
  947000   94699.83594       0.16406
  948000   94799.83594       0.16406
  949000   94899.83594       0.16406
  950000   94999.83594       0.16406
  951000   95099.83594       0.16406
  952000   95199.83594       0.16406
  953000   95299.83594       0.16406
  954000   95399.83594       0.16406
  955000   95499.83594       0.16406
  956000   95599.83594       0.16406
  957000   95699.83594       0.16406
  958000   95799.83594       0.16406
  959000   95899.83594       0.16406
  960000   95999.83594       0.16406
  961000   96099.83594       0.16406
  962000   96199.83594       0.16406
  963000   96299.83594       0.16406
  964000   96399.83594       0.16406
  965000   96499.83594       0.16406
  966000   96599.83594       0.16406
  967000   96699.83594       0.16406
  968000   96799.83594       0.16406
  969000   96899.83594       0.16406
  970000   96999.83594       0.16406
  971000   97099.83594       0.16406
  972000   97199.83594       0.16406
  973000   97299.83594       0.16406
  974000   97399.83594       0.16406
  975000   97499.83594       0.16406
  976000   97599.83594       0.16406
  977000   97699.83594       0.16406
  978000   97799.83594       0.16406
  979000   97899.83594       0.16406
  980000   97999.83594       0.16406
  981000   98099.83594       0.16406
  982000   98199.83594       0.16406
  983000   98299.83594       0.16406
  984000   98399.83594       0.16406
  985000   98499.83594       0.16406
  986000   98599.83594       0.16406
  987000   98699.83594       0.16406
  988000   98799.83594       0.16406
  989000   98899.83594       0.16406
  990000   98999.83594       0.16406
  991000   99099.83594       0.16406
  992000   99199.83594       0.16406
  993000   99299.83594       0.16406
  994000   99399.83594       0.16406
  995000   99499.83594       0.16406
  996000   99599.83594       0.16406
  997000   99699.83594       0.16406
  998000   99799.83594       0.16406
  999000   99899.83594       0.16406
 1000000   99999.83594       0.16406
