    1000      99.99905       0.00095
    2000     200.00301       0.00301
    3000     300.00909       0.00909
    4000     400.01520       0.01520
    5000     500.02130       0.02130
    6000     600.00055       0.00055
    7000     699.97614       0.02386
    8000     799.95172       0.04828
    9000     899.92731       0.07269
   10000     999.90289       0.09711
   11000    1099.87854       0.12146
   12000    1199.85413       0.14587
   13000    1299.82971       0.17029
   14000    1399.80530       0.19470
   15000    1499.78088       0.21912
   16000    1599.75647       0.24353
   17000    1699.73206       0.26794
   18000    1799.70764       0.29236
   19000    1899.68323       0.31677
   20000    1999.65881       0.34119
   21000    2099.69751       0.30249
   22000    2199.79517       0.20483
   23000    2299.89282       0.10718
   24000    2399.99048       0.00952
   25000    2500.08813       0.08813
   26000    2600.18579       0.18579
   27000    2700.28345       0.28345
   28000    2800.38110       0.38110
   29000    2900.47876       0.47876
   30000    3000.57642       0.57642
   31000    3100.67407       0.67407
   32000    3200.77173       0.77173
   33000    3300.86938       0.86938
   34000    3400.96704       0.96704
   35000    3501.06470       1.06470
   36000    3601.16235       1.16235
   37000    3701.26001       1.26001
   38000    3801.35767       1.35767
   39000    3901.45532       1.45532
   40000    4001.55298       1.55298
   41000    4101.65039       1.65039
   42000    4201.74805       1.74805
   43000    4301.84570       1.84570
   44000    4401.94336       1.94336
   45000    4502.04102       2.04102
   46000    4602.13867       2.13867
   47000    4702.23633       2.23633
   48000    4802.33398       2.33398
   49000    4902.43164       2.43164
   50000    5002.52930       2.52930
   51000    5102.62695       2.62695
   52000    5202.72461       2.72461
   53000    5302.82227       2.82227
   54000    5402.91992       2.91992
   55000    5503.01758       3.01758
   56000    5603.11523       3.11523
   57000    5703.21289       3.21289
   58000    5803.31055       3.31055
   59000    5903.40820       3.40820
   60000    6003.50586       3.50586
   61000    6103.60352       3.60352
   62000    6203.70117       3.70117
   63000    6303.79883       3.79883
   64000    6403.89648       3.89648
   65000    6503.99414       3.99414
   66000    6604.09180       4.09180
   67000    6704.18945       4.18945
   68000    6804.28711       4.28711
   69000    6904.38477       4.38477
   70000    7004.48242       4.48242
   71000    7104.58008       4.58008
   72000    7204.67773       4.67773
   73000    7304.77539       4.77539
   74000    7404.87305       4.87305
   75000    7504.97070       4.97070
   76000    7605.06836       5.06836
   77000    7705.16602       5.16602
   78000    7805.26367       5.26367
   79000    7905.36133       5.36133
   80000    8005.45898       5.45898
   81000    8105.55664       5.55664
   82000    8205.58789       5.58789
   83000    8305.19727       5.19727
   84000    8404.80664       4.80664
   85000    8504.41602       4.41602
   86000    8604.02539       4.02539
   87000    8703.63477       3.63477
   88000    8803.24414       3.24414
   89000    8902.85352       2.85352
   90000    9002.46289       2.46289
   91000    9102.07227       2.07227
   92000    9201.68164       1.68164
   93000    9301.29102       1.29102
   94000    9400.90039       0.90039
   95000    9500.50977       0.50977
   96000    9600.11914       0.11914
   97000    9699.72852       0.27148
   98000    9799.33789       0.66211
   99000    9898.94727       1.05273
  100000    9998.55664       1.44336
  101000   10098.16602       1.83398
  102000   10197.77539       2.22461
  103000   10297.38477       2.61523
  104000   10396.99414       3.00586
  105000   10496.60352       3.39648
  106000   10596.21289       3.78711
  107000   10695.82227       4.17773
  108000   10795.43164       4.56836
  109000   10895.04102       4.95898
  110000   10994.65039       5.34961
  111000   11094.25977       5.74023
  112000   11193.86914       6.13086
  113000   11293.47852       6.52148
  114000   11393.08789       6.91211
  115000   11492.69727       7.30273
  116000   11592.30664       7.69336
  117000   11691.91602       8.08398
  118000   11791.52539       8.47461
  119000   11891.13477       8.86523
  120000   11990.74414       9.25586
  121000   12090.35352       9.64648
  122000   12189.96289      10.03711
  123000   12289.57227      10.42773
  124000   12389.18164      10.81836
  125000   12488.79102      11.20898
  126000   12588.40039      11.59961
  127000   12688.00977      11.99023
  128000   12787.61914      12.38086
  129000   12887.22852      12.77148
  130000   12986.83789      13.16211
  131000   13086.44727      13.55273
  132000   13186.05664      13.94336
  133000   13285.66602      14.33398
  134000   13385.27539      14.72461
  135000   13484.88477      15.11523
  136000   13584.49414      15.50586
  137000   13684.10352      15.89648
  138000   13783.71289      16.28711
  139000   13883.32227      16.67773
  140000   13982.93164      17.06836
  141000   14082.54102      17.45898
  142000   14182.15039      17.84961
  143000   14281.75977      18.24023
  144000   14381.36914      18.63086
  145000   14480.97852      19.02148
  146000   14580.58789      19.41211
  147000   14680.19727      19.80273
  148000   14779.80664      20.19336
  149000   14879.41602      20.58398
  150000   14979.02539      20.97461
  151000   15078.63477      21.36523
  152000   15178.24414      21.75586
  153000   15277.85352      22.14648
  154000   15377.46289      22.53711
  155000   15477.07227      22.92773
  156000   15576.68164      23.31836
  157000   15676.29102      23.70898
  158000   15775.90039      24.09961
  159000   15875.50977      24.49023
  160000   15975.11914      24.88086
  161000   16074.72852      25.27148
  162000   16174.33789      25.66211
  163000   16273.94727      26.05273
  164000   16373.55664      26.44336
  165000   16473.16602      26.83398
  166000   16572.77539      27.22461
  167000   16672.38477      27.61523
  168000   16771.99414      28.00586
  169000   16871.60352      28.39648
  170000   16971.21289      28.78711
  171000   17070.82227      29.17773
  172000   17170.43164      29.56836
  173000   17270.04102      29.95898
  174000   17369.65039      30.34961
  175000   17469.25977      30.74023
  176000   17568.86914      31.13086
  177000   17668.47852      31.52148
  178000   17768.08789      31.91211
  179000   17867.69727      32.30273
  180000   17967.30664      32.69336
  181000   18066.91602      33.08398
  182000   18166.52539      33.47461
  183000   18266.13477      33.86523
  184000   18365.74414      34.25586
  185000   18465.35352      34.64648
  186000   18564.96289      35.03711
  187000   18664.57227      35.42773
  188000   18764.18164      35.81836
  189000   18863.79102      36.20898
  190000   18963.40039      36.59961
  191000   19063.00977      36.99023
  192000   19162.61914      37.38086
  193000   19262.22852      37.77148
  194000   19361.83789      38.16211
  195000   19461.44727      38.55273
  196000   19561.05664      38.94336
  197000   19660.66602      39.33398
  198000   19760.27539      39.72461
  199000   19859.88477      40.11523
  200000   19959.49414      40.50586
  201000   20059.10352      40.89648
  202000   20158.71289      41.28711
  203000   20258.32227      41.67773
  204000   20357.93164      42.06836
  205000   20457.54102      42.45898
  206000   20557.15039      42.84961
  207000   20656.75977      43.24023
  208000   20756.36914      43.63086
  209000   20855.97852      44.02148
  210000   20955.58789      44.41211
  211000   21055.19727      44.80273
  212000   21154.80664      45.19336
  213000   21254.41602      45.58398
  214000   21354.02539      45.97461
  215000   21453.63477      46.36523
  216000   21553.24414      46.75586
  217000   21652.85352      47.14648
  218000   21752.46289      47.53711
  219000   21852.07227      47.92773
  220000   21951.68164      48.31836
  221000   22051.29102      48.70898
  222000   22150.90039      49.09961
  223000   22250.50977      49.49023
  224000   22350.11914      49.88086
  225000   22449.72852      50.27148
  226000   22549.33789      50.66211
  227000   22648.94727      51.05273
  228000   22748.55664      51.44336
  229000   22848.16602      51.83398
  230000   22947.77539      52.22461
  231000   23047.38477      52.61523
  232000   23146.99414      53.00586
  233000   23246.60352      53.39648
  234000   23346.21289      53.78711
  235000   23445.82227      54.17773
  236000   23545.43164      54.56836
  237000   23645.04102      54.95898
  238000   23744.65039      55.34961
  239000   23844.25977      55.74023
  240000   23943.86914      56.13086
  241000   24043.47852      56.52148
  242000   24143.08789      56.91211
  243000   24242.69727      57.30273
  244000   24342.30664      57.69336
  245000   24441.91602      58.08398
  246000   24541.52539      58.47461
  247000   24641.13477      58.86523
  248000   24740.74414      59.25586
  249000   24840.35352      59.64648
  250000   24939.96289      60.03711
  251000   25039.57227      60.42773
  252000   25139.18164      60.81836
  253000   25238.79102      61.20898
  254000   25338.40039      61.59961
  255000   25438.00977      61.99023
  256000   25537.61914      62.38086
  257000   25637.22852      62.77148
  258000   25736.83789      63.16211
  259000   25836.44727      63.55273
  260000   25936.05664      63.94336
  261000   26035.66602      64.33398
  262000   26135.27539      64.72461
  263000   26234.88477      65.11523
  264000   26334.49414      65.50586
  265000   26434.10352      65.89648
  266000   26533.71289      66.28711
  267000   26633.32227      66.67773
  268000   26732.93164      67.06836
  269000   26832.54102      67.45898
  270000   26932.15039      67.84961
  271000   27031.75977      68.24023
  272000   27131.36914      68.63086
  273000   27230.97852      69.02148
  274000   27330.58789      69.41211
  275000   27430.19727      69.80273
  276000   27529.80664      70.19336
  277000   27629.41602      70.58398
  278000   27729.02539      70.97461
  279000   27828.63477      71.36523
  280000   27928.24414      71.75586
  281000   28027.85352      72.14648
  282000   28127.46289      72.53711
  283000   28227.07227      72.92773
  284000   28326.68164      73.31836
  285000   28426.29102      73.70898
  286000   28525.90039      74.09961
  287000   28625.50977      74.49023
  288000   28725.11914      74.88086
  289000   28824.72852      75.27148
  290000   28924.33789      75.66211
  291000   29023.94727      76.05273
  292000   29123.55664      76.44336
  293000   29223.16602      76.83398
  294000   29322.77539      77.22461
  295000   29422.38477      77.61523
  296000   29521.99414      78.00586
  297000   29621.60352      78.39648
  298000   29721.21289      78.78711
  299000   29820.82227      79.17773
  300000   29920.43164      79.56836
  301000   30020.04102      79.95898
  302000   30119.65039      80.34961
  303000   30219.25977      80.74023
  304000   30318.86914      81.13086
  305000   30418.47852      81.52148
  306000   30518.08789      81.91211
  307000   30617.69727      82.30273
  308000   30717.30664      82.69336
  309000   30816.91602      83.08398
  310000   30916.52539      83.47461
  311000   31016.13477      83.86523
  312000   31115.74414      84.25586
  313000   31215.35352      84.64648
  314000   31314.96289      85.03711
  315000   31414.57227      85.42773
  316000   31514.18164      85.81836
  317000   31613.79102      86.20898
  318000   31713.40039      86.59961
  319000   31813.00977      86.99023
  320000   31912.61914      87.38086
  321000   32012.22852      87.77148
  322000   32111.83789      88.16211
  323000   32211.44727      88.55273
  324000   32311.05664      88.94336
  325000   32410.66602      89.33398
  326000   32510.27539      89.72461
  327000   32609.88477      90.11523
  328000   32709.49414      90.50586
  329000   32809.91016      90.08984
  330000   32911.47266      88.52734
  331000   33013.03516      86.96484
  332000   33114.59766      85.40234
  333000   33216.16016      83.83984
  334000   33317.72266      82.27734
  335000   33419.28516      80.71484
  336000   33520.84766      79.15234
  337000   33622.41016      77.58984
  338000   33723.97266      76.02734
  339000   33825.53516      74.46484
  340000   33927.09766      72.90234
  341000   34028.66016      71.33984
  342000   34130.22266      69.77734
  343000   34231.78516      68.21484
  344000   34333.34766      66.65234
  345000   34434.91016      65.08984
  346000   34536.47266      63.52734
  347000   34638.03516      61.96484
  348000   34739.59766      60.40234
  349000   34841.16016      58.83984
  350000   34942.72266      57.27734
  351000   35044.28516      55.71484
  352000   35145.84766      54.15234
  353000   35247.41016      52.58984
  354000   35348.97266      51.02734
  355000   35450.53516      49.46484
  356000   35552.09766      47.90234
  357000   35653.66016      46.33984
  358000   35755.22266      44.77734
  359000   35856.78516      43.21484
  360000   35958.34766      41.65234
  361000   36059.91016      40.08984
  362000   36161.47266      38.52734
  363000   36263.03516      36.96484
  364000   36364.59766      35.40234
  365000   36466.16016      33.83984
  366000   36567.72266      32.27734
  367000   36669.28516      30.71484
  368000   36770.84766      29.15234
  369000   36872.41016      27.58984
  370000   36973.97266      26.02734
  371000   37075.53516      24.46484
  372000   37177.09766      22.90234
  373000   37278.66016      21.33984
  374000   37380.22266      19.77734
  375000   37481.78516      18.21484
  376000   37583.34766      16.65234
  377000   37684.91016      15.08984
  378000   37786.47266      13.52734
  379000   37888.03516      11.96484
  380000   37989.59766      10.40234
  381000   38091.16016       8.83984
  382000   38192.72266       7.27734
  383000   38294.28516       5.71484
  384000   38395.84766       4.15234
  385000   38497.41016       2.58984
  386000   38598.97266       1.02734
  387000   38700.53516       0.53516
  388000   38802.09766       2.09766
  389000   38903.66016       3.66016
  390000   39005.22266       5.22266
  391000   39106.78516       6.78516
  392000   39208.34766       8.34766
  393000   39309.91016       9.91016
  394000   39411.47266      11.47266
  395000   39513.03516      13.03516
  396000   39614.59766      14.59766
  397000   39716.16016      16.16016
  398000   39817.72266      17.72266
  399000   39919.28516      19.28516
  400000   40020.84766      20.84766
  401000   40122.41016      22.41016
  402000   40223.97266      23.97266
  403000   40325.53516      25.53516
  404000   40427.09766      27.09766
  405000   40528.66016      28.66016
  406000   40630.22266      30.22266
  407000   40731.78516      31.78516
  408000   40833.34766      33.34766
  409000   40934.91016      34.91016
  410000   41036.47266      36.47266
  411000   41138.03516      38.03516
  412000   41239.59766      39.59766
  413000   41341.16016      41.16016
  414000   41442.72266      42.72266
  415000   41544.28516      44.28516
  416000   41645.84766      45.84766
  417000   41747.41016      47.41016
  418000   41848.97266      48.97266
  419000   41950.53516      50.53516
  420000   42052.09766      52.09766
  421000   42153.66016      53.66016
  422000   42255.22266      55.22266
  423000   42356.78516      56.78516
  424000   42458.34766      58.34766
  425000   42559.91016      59.91016
  426000   42661.47266      61.47266
  427000   42763.03516      63.03516
  428000   42864.59766      64.59766
  429000   42966.16016      66.16016
  430000   43067.72266      67.72266
  431000   43169.28516      69.28516
  432000   43270.84766      70.84766
  433000   43372.41016      72.41016
  434000   43473.97266      73.97266
  435000   43575.53516      75.53516
  436000   43677.09766      77.09766
  437000   43778.66016      78.66016
  438000   43880.22266      80.22266
  439000   43981.78516      81.78516
  440000   44083.34766      83.34766
  441000   44184.91016      84.91016
  442000   44286.47266      86.47266
  443000   44388.03516      88.03516
  444000   44489.59766      89.59766
  445000   44591.16016      91.16016
  446000   44692.72266      92.72266
  447000   44794.28516      94.28516
  448000   44895.84766      95.84766
  449000   44997.41016      97.41016
  450000   45098.97266      98.97266
  451000   45200.53516     100.53516
  452000   45302.09766     102.09766
  453000   45403.66016     103.66016
  454000   45505.22266     105.22266
  455000   45606.78516     106.78516
  456000   45708.34766     108.34766
  457000   45809.91016     109.91016
  458000   45911.47266     111.47266
  459000   46013.03516     113.03516
  460000   46114.59766     114.59766
  461000   46216.16016     116.16016
  462000   46317.72266     117.72266
  463000   46419.28516     119.28516
  464000   46520.84766     120.84766
  465000   46622.41016     122.41016
  466000   46723.97266     123.97266
  467000   46825.53516     125.53516
  468000   46927.09766     127.09766
  469000   47028.66016     128.66016
  470000   47130.22266     130.22266
  471000   47231.78516     131.78516
  472000   47333.34766     133.34766
  473000   47434.91016     134.91016
  474000   47536.47266     136.47266
  475000   47638.03516     138.03516
  476000   47739.59766     139.59766
  477000   47841.16016     141.16016
  478000   47942.72266     142.72266
  479000   48044.28516     144.28516
  480000   48145.84766     145.84766
  481000   48247.41016     147.41016
  482000   48348.97266     148.97266
  483000   48450.53516     150.53516
  484000   48552.09766     152.09766
  485000   48653.66016     153.66016
  486000   48755.22266     155.22266
  487000   48856.78516     156.78516
  488000   48958.34766     158.34766
  489000   49059.91016     159.91016
  490000   49161.47266     161.47266
  491000   49263.03516     163.03516
  492000   49364.59766     164.59766
  493000   49466.16016     166.16016
  494000   49567.72266     167.72266
  495000   49669.28516     169.28516
  496000   49770.84766     170.84766
  497000   49872.41016     172.41016
  498000   49973.97266     173.97266
  499000   50075.53516     175.53516
  500000   50177.09766     177.09766
  501000   50278.66016     178.66016
  502000   50380.22266     180.22266
  503000   50481.78516     181.78516
  504000   50583.34766     183.34766
  505000   50684.91016     184.91016
  506000   50786.47266     186.47266
  507000   50888.03516     188.03516
  508000   50989.59766     189.59766
  509000   51091.16016     191.16016
  510000   51192.72266     192.72266
  511000   51294.28516     194.28516
  512000   51395.84766     195.84766
  513000   51497.41016     197.41016
  514000   51598.97266     198.97266
  515000   51700.53516     200.53516
  516000   51802.09766     202.09766
  517000   51903.66016     203.66016
  518000   52005.22266     205.22266
  519000   52106.78516     206.78516
  520000   52208.34766     208.34766
  521000   52309.91016     209.91016
  522000   52411.47266     211.47266
  523000   52513.03516     213.03516
  524000   52614.59766     214.59766
  525000   52716.16016     216.16016
  526000   52817.72266     217.72266
  527000   52919.28516     219.28516
  528000   53020.84766     220.84766
  529000   53122.41016     222.41016
  530000   53223.97266     223.97266
  531000   53325.53516     225.53516
  532000   53427.09766     227.09766
  533000   53528.66016     228.66016
  534000   53630.22266     230.22266
  535000   53731.78516     231.78516
  536000   53833.34766     233.34766
  537000   53934.91016     234.91016
  538000   54036.47266     236.47266
  539000   54138.03516     238.03516
  540000   54239.59766     239.59766
  541000   54341.16016     241.16016
  542000   54442.72266     242.72266
  543000   54544.28516     244.28516
  544000   54645.84766     245.84766
  545000   54747.41016     247.41016
  546000   54848.97266     248.97266
  547000   54950.53516     250.53516
  548000   55052.09766     252.09766
  549000   55153.66016     253.66016
  550000   55255.22266     255.22266
  551000   55356.78516     256.78516
  552000   55458.34766     258.34766
  553000   55559.91016     259.91016
  554000   55661.47266     261.47266
  555000   55763.03516     263.03516
  556000   55864.59766     264.59766
  557000   55966.16016     266.16016
  558000   56067.72266     267.72266
  559000   56169.28516     269.28516
  560000   56270.84766     270.84766
  561000   56372.41016     272.41016
  562000   56473.97266     273.97266
  563000   56575.53516     275.53516
  564000   56677.09766     277.09766
  565000   56778.66016     278.66016
  566000   56880.22266     280.22266
  567000   56981.78516     281.78516
  568000   57083.34766     283.34766
  569000   57184.91016     284.91016
  570000   57286.47266     286.47266
  571000   57388.03516     288.03516
  572000   57489.59766     289.59766
  573000   57591.16016     291.16016
  574000   57692.72266     292.72266
  575000   57794.28516     294.28516
  576000   57895.84766     295.84766
  577000   57997.41016     297.41016
  578000   58098.97266     298.97266
  579000   58200.53516     300.53516
  580000   58302.09766     302.09766
  581000   58403.66016     303.66016
  582000   58505.22266     305.22266
  583000   58606.78516     306.78516
  584000   58708.34766     308.34766
  585000   58809.91016     309.91016
  586000   58911.47266     311.47266
  587000   59013.03516     313.03516
  588000   59114.59766     314.59766
  589000   59216.16016     316.16016
  590000   59317.72266     317.72266
  591000   59419.28516     319.28516
  592000   59520.84766     320.84766
  593000   59622.41016     322.41016
  594000   59723.97266     323.97266
  595000   59825.53516     325.53516
  596000   59927.09766     327.09766
  597000   60028.66016     328.66016
  598000   60130.22266     330.22266
  599000   60231.78516     331.78516
  600000   60333.34766     333.34766
  601000   60434.91016     334.91016
  602000   60536.47266     336.47266
  603000   60638.03516     338.03516
  604000   60739.59766     339.59766
  605000   60841.16016     341.16016
  606000   60942.72266     342.72266
  607000   61044.28516     344.28516
  608000   61145.84766     345.84766
  609000   61247.41016     347.41016
  610000   61348.97266     348.97266
  611000   61450.53516     350.53516
  612000   61552.09766     352.09766
  613000   61653.66016     353.66016
  614000   61755.22266     355.22266
  615000   61856.78516     356.78516
  616000   61958.34766     358.34766
  617000   62059.91016     359.91016
  618000   62161.47266     361.47266
  619000   62263.03516     363.03516
  620000   62364.59766     364.59766
  621000   62466.16016     366.16016
  622000   62567.72266     367.72266
  623000   62669.28516     369.28516
  624000   62770.84766     370.84766
  625000   62872.41016     372.41016
  626000   62973.97266     373.97266
  627000   63075.53516     375.53516
  628000   63177.09766     377.09766
  629000   63278.66016     378.66016
  630000   63380.22266     380.22266
  631000   63481.78516     381.78516
  632000   63583.34766     383.34766
  633000   63684.91016     384.91016
  634000   63786.47266     386.47266
  635000   63888.03516     388.03516
  636000   63989.59766     389.59766
  637000   64091.16016     391.16016
  638000   64192.72266     392.72266
  639000   64294.28516     394.28516
  640000   64395.84766     395.84766
  641000   64497.41016     397.41016
  642000   64598.97266     398.97266
  643000   64700.53516     400.53516
  644000   64802.09766     402.09766
  645000   64903.66016     403.66016
  646000   65005.22266     405.22266
  647000   65106.78516     406.78516
  648000   65208.34766     408.34766
  649000   65309.91016     409.91016
  650000   65411.47266     411.47266
  651000   65513.03516     413.03516
  652000   65614.59375     414.59375
  653000   65716.15625     416.15625
  654000   65817.71875     417.71875
  655000   65919.28125     419.28125
  656000   66020.84375     420.84375
  657000   66122.40625     422.40625
  658000   66223.96875     423.96875
  659000   66325.53125     425.53125
  660000   66427.09375     427.09375
  661000   66528.65625     428.65625
  662000   66630.21875     430.21875
  663000   66731.78125     431.78125
  664000   66833.34375     433.34375
  665000   66934.90625     434.90625
  666000   67036.46875     436.46875
  667000   67138.03125     438.03125
  668000   67239.59375     439.59375
  669000   67341.15625     441.15625
  670000   67442.71875     442.71875
  671000   67544.28125     444.28125
  672000   67645.84375     445.84375
  673000   67747.40625     447.40625
  674000   67848.96875     448.96875
  675000   67950.53125     450.53125
  676000   68052.09375     452.09375
  677000   68153.65625     453.65625
  678000   68255.21875     455.21875
  679000   68356.78125     456.78125
  680000   68458.34375     458.34375
  681000   68559.90625     459.90625
  682000   68661.46875     461.46875
  683000   68763.03125     463.03125
  684000   68864.59375     464.59375
  685000   68966.15625     466.15625
  686000   69067.71875     467.71875
  687000   69169.28125     469.28125
  688000   69270.84375     470.84375
  689000   69372.40625     472.40625
  690000   69473.96875     473.96875
  691000   69575.53125     475.53125
  692000   69677.09375     477.09375
  693000   69778.65625     478.65625
  694000   69880.21875     480.21875
  695000   69981.78125     481.78125
  696000   70083.34375     483.34375
  697000   70184.90625     484.90625
  698000   70286.46875     486.46875
  699000   70388.03125     488.03125
  700000   70489.59375     489.59375
  701000   70591.15625     491.15625
  702000   70692.71875     492.71875
  703000   70794.28125     494.28125
  704000   70895.84375     495.84375
  705000   70997.40625     497.40625
  706000   71098.96875     498.96875
  707000   71200.53125     500.53125
  708000   71302.09375     502.09375
  709000   71403.65625     503.65625
  710000   71505.21875     505.21875
  711000   71606.78125     506.78125
  712000   71708.34375     508.34375
  713000   71809.90625     509.90625
  714000   71911.46875     511.46875
  715000   72013.03125     513.03125
  716000   72114.59375     514.59375
  717000   72216.15625     516.15625
  718000   72317.71875     517.71875
  719000   72419.28125     519.28125
  720000   72520.84375     520.84375
  721000   72622.40625     522.40625
  722000   72723.96875     523.96875
  723000   72825.53125     525.53125
  724000   72927.09375     527.09375
  725000   73028.65625     528.65625
  726000   73130.21875     530.21875
  727000   73231.78125     531.78125
  728000   73333.34375     533.34375
  729000   73434.90625     534.90625
  730000   73536.46875     536.46875
  731000   73638.03125     538.03125
  732000   73739.59375     539.59375
  733000   73841.15625     541.15625
  734000   73942.71875     542.71875
  735000   74044.28125     544.28125
  736000   74145.84375     545.84375
  737000   74247.40625     547.40625
  738000   74348.96875     548.96875
  739000   74450.53125     550.53125
  740000   74552.09375     552.09375
  741000   74653.65625     553.65625
  742000   74755.21875     555.21875
  743000   74856.78125     556.78125
  744000   74958.34375     558.34375
  745000   75059.90625     559.90625
  746000   75161.46875     561.46875
  747000   75263.03125     563.03125
  748000   75364.59375     564.59375
  749000   75466.15625     566.15625
  750000   75567.71875     567.71875
  751000   75669.28125     569.28125
  752000   75770.84375     570.84375
  753000   75872.40625     572.40625
  754000   75973.96875     573.96875
  755000   76075.53125     575.53125
  756000   76177.09375     577.09375
  757000   76278.65625     578.65625
  758000   76380.21875     580.21875
  759000   76481.78125     581.78125
  760000   76583.34375     583.34375
  761000   76684.90625     584.90625
  762000   76786.46875     586.46875
  763000   76888.03125     588.03125
  764000   76989.59375     589.59375
  765000   77091.15625     591.15625
  766000   77192.71875     592.71875
  767000   77294.28125     594.28125
  768000   77395.84375     595.84375
  769000   77497.40625     597.40625
  770000   77598.96875     598.96875
  771000   77700.53125     600.53125
  772000   77802.09375     602.09375
  773000   77903.65625     603.65625
  774000   78005.21875     605.21875
  775000   78106.78125     606.78125
  776000   78208.34375     608.34375
  777000   78309.90625     609.90625
  778000   78411.46875     611.46875
  779000   78513.03125     613.03125
  780000   78614.59375     614.59375
  781000   78716.15625     616.15625
  782000   78817.71875     617.71875
  783000   78919.28125     619.28125
  784000   79020.84375     620.84375
  785000   79122.40625     622.40625
  786000   79223.96875     623.96875
  787000   79325.53125     625.53125
  788000   79427.09375     627.09375
  789000   79528.65625     628.65625
  790000   79630.21875     630.21875
  791000   79731.78125     631.78125
  792000   79833.34375     633.34375
  793000   79934.90625     634.90625
  794000   80036.46875     636.46875
  795000   80138.03125     638.03125
  796000   80239.59375     639.59375
  797000   80341.15625     641.15625
  798000   80442.71875     642.71875
  799000   80544.28125     644.28125
  800000   80645.84375     645.84375
  801000   80747.40625     647.40625
  802000   80848.96875     648.96875
  803000   80950.53125     650.53125
  804000   81052.09375     652.09375
  805000   81153.65625     653.65625
  806000   81255.21875     655.21875
  807000   81356.78125     656.78125
  808000   81458.34375     658.34375
  809000   81559.90625     659.90625
  810000   81661.46875     661.46875
  811000   81763.03125     663.03125
  812000   81864.59375     664.59375
  813000   81966.15625     666.15625
  814000   82067.71875     667.71875
  815000   82169.28125     669.28125
  816000   82270.84375     670.84375
  817000   82372.40625     672.40625
  818000   82473.96875     673.96875
  819000   82575.53125     675.53125
  820000   82677.09375     677.09375
  821000   82778.65625     678.65625
  822000   82880.21875     680.21875
  823000   82981.78125     681.78125
  824000   83083.34375     683.34375
  825000   83184.90625     684.90625
  826000   83286.46875     686.46875
  827000   83388.03125     688.03125
  828000   83489.59375     689.59375
  829000   83591.15625     691.15625
  830000   83692.71875     692.71875
  831000   83794.28125     694.28125
  832000   83895.84375     695.84375
  833000   83997.40625     697.40625
  834000   84098.96875     698.96875
  835000   84200.53125     700.53125
  836000   84302.09375     702.09375
  837000   84403.65625     703.65625
  838000   84505.21875     705.21875
  839000   84606.78125     706.78125
  840000   84708.34375     708.34375
  841000   84809.90625     709.90625
  842000   84911.46875     711.46875
  843000   85013.03125     713.03125
  844000   85114.59375     714.59375
  845000   85216.15625     716.15625
  846000   85317.71875     717.71875
  847000   85419.28125     719.28125
  848000   85520.84375     720.84375
  849000   85622.40625     722.40625
  850000   85723.96875     723.96875
  851000   85825.53125     725.53125
  852000   85927.09375     727.09375
  853000   86028.65625     728.65625
  854000   86130.21875     730.21875
  855000   86231.78125     731.78125
  856000   86333.34375     733.34375
  857000   86434.90625     734.90625
  858000   86536.46875     736.46875
  859000   86638.03125     738.03125
  860000   86739.59375     739.59375
  861000   86841.15625     741.15625
  862000   86942.71875     742.71875
  863000   87044.28125     744.28125
  864000   87145.84375     745.84375
  865000   87247.40625     747.40625
  866000   87348.96875     748.96875
  867000   87450.53125     750.53125
  868000   87552.09375     752.09375
  869000   87653.65625     753.65625
  870000   87755.21875     755.21875
  871000   87856.78125     756.78125
  872000   87958.34375     758.34375
  873000   88059.90625     759.90625
  874000   88161.46875     761.46875
  875000   88263.03125     763.03125
  876000   88364.59375     764.59375
  877000   88466.15625     766.15625
  878000   88567.71875     767.71875
  879000   88669.28125     769.28125
  880000   88770.84375     770.84375
  881000   88872.40625     772.40625
  882000   88973.96875     773.96875
  883000   89075.53125     775.53125
  884000   89177.09375     777.09375
  885000   89278.65625     778.65625
  886000   89380.21875     780.21875
  887000   89481.78125     781.78125
  888000   89583.34375     783.34375
  889000   89684.90625     784.90625
  890000   89786.46875     786.46875
  891000   89888.03125     788.03125
  892000   89989.59375     789.59375
  893000   90091.15625     791.15625
  894000   90192.71875     792.71875
  895000   90294.28125     794.28125
  896000   90395.84375     795.84375
  897000   90497.40625     797.40625
  898000   90598.96875     798.96875
  899000   90700.53125     800.53125
  900000   90802.09375     802.09375
  901000   90903.65625     803.65625
  902000   91005.21875     805.21875
  903000   91106.78125     806.78125
  904000   91208.34375     808.34375
  905000   91309.90625     809.90625
  906000   91411.46875     811.46875
  907000   91513.03125     813.03125
  908000   91614.59375     814.59375
  909000   91716.15625     816.15625
  910000   91817.71875     817.71875
  911000   91919.28125     819.28125
  912000   92020.84375     820.84375
  913000   92122.40625     822.40625
  914000   92223.96875     823.96875
  915000   92325.53125     825.53125
  916000   92427.09375     827.09375
  917000   92528.65625     828.65625
  918000   92630.21875     830.21875
  919000   92731.78125     831.78125
  920000   92833.34375     833.34375
  921000   92934.90625     834.90625
  922000   93036.46875     836.46875
  923000   93138.03125     838.03125
  924000   93239.59375     839.59375
  925000   93341.15625     841.15625
  926000   93442.71875     842.71875
  927000   93544.28125     844.28125
  928000   93645.84375     845.84375
  929000   93747.40625     847.40625
  930000   93848.96875     848.96875
  931000   93950.53125     850.53125
  932000   94052.09375     852.09375
  933000   94153.65625     853.65625
  934000   94255.21875     855.21875
  935000   94356.78125     856.78125
  936000   94458.34375     858.34375
  937000   94559.90625     859.90625
  938000   94661.46875     861.46875
  939000   94763.03125     863.03125
  940000   94864.59375     864.59375
  941000   94966.15625     866.15625
  942000   95067.71875     867.71875
  943000   95169.28125     869.28125
  944000   95270.84375     870.84375
  945000   95372.40625     872.40625
  946000   95473.96875     873.96875
  947000   95575.53125     875.53125
  948000   95677.09375     877.09375
  949000   95778.65625     878.65625
  950000   95880.21875     880.21875
  951000   95981.78125     881.78125
  952000   96083.34375     883.34375
  953000   96184.90625     884.90625
  954000   96286.46875     886.46875
  955000   96388.03125     888.03125
  956000   96489.59375     889.59375
  957000   96591.15625     891.15625
  958000   96692.71875     892.71875
  959000   96794.28125     894.28125
  960000   96895.84375     895.84375
  961000   96997.40625     897.40625
  962000   97098.96875     898.96875
  963000   97200.53125     900.53125
  964000   97302.09375     902.09375
  965000   97403.65625     903.65625
  966000   97505.21875     905.21875
  967000   97606.78125     906.78125
  968000   97708.34375     908.34375
  969000   97809.90625     909.90625
  970000   97911.46875     911.46875
  971000   98013.03125     913.03125
  972000   98114.59375     914.59375
  973000   98216.15625     916.15625
  974000   98317.71875     917.71875
  975000   98419.28125     919.28125
  976000   98520.84375     920.84375
  977000   98622.40625     922.40625
  978000   98723.96875     923.96875
  979000   98825.53125     925.53125
  980000   98927.09375     927.09375
  981000   99028.65625     928.65625
  982000   99130.21875     930.21875
  983000   99231.78125     931.78125
  984000   99333.34375     933.34375
  985000   99434.90625     934.90625
  986000   99536.46875     936.46875
  987000   99638.03125     938.03125
  988000   99739.59375     939.59375
  989000   99841.15625     941.15625
  990000   99942.71875     942.71875
  991000  100044.28125     944.28125
  992000  100145.84375     945.84375
  993000  100247.40625     947.40625
  994000  100348.96875     948.96875
  995000  100450.53125     950.53125
  996000  100552.09375     952.09375
  997000  100653.65625     953.65625
  998000  100755.21875     955.21875
  999000  100856.78125     956.78125
 1000000  100958.34375     958.34375
