0.000000000000000000e+00 1.000000000000000000e+00 -inf
1.010101010101010166e+00 1.378660743694022583e+00 4.364805402450112545e-03
2.020202020202020332e+00 4.662751305246697897e-01 3.053948010664312984e-01
3.030303030303030276e+00 -8.827536606805642672e-01 4.814860601221124803e-01
4.040404040404040664e+00 -1.405128104293532409e+00 6.064247967304124964e-01
5.050505050505051052e+00 -6.116708407427826621e-01 7.033348097384689579e-01
6.060606060606060552e+00 7.545853613086703771e-01 7.825160557860937338e-01
7.070707070707070940e+00 1.414210373550743416e+00 8.494628454167069131e-01
8.080808080808081328e+00 7.494985908544540276e-01 9.074547923943937500e-01
9.090909090909091717e+00 -6.170808772915290508e-01 9.586073148417749712e-01
1.010101010101010210e+01 -1.405795180159332247e+00 1.004364805402450100e+00
1.111111111111111249e+01 -8.780530929091582282e-01 1.045757490560675240e+00
1.212121212121212110e+01 4.719414969368072588e-01 1.083546051450074987e+00
1.313131313131313149e+01 1.379986641961170601e+00 1.118308157709286821e+00
1.414141414141414188e+01 9.957437931674520959e-01 1.150492841080688056e+00
1.515151515151515227e+01 -3.209629720888582671e-01 1.180456064458131227e+00
1.616161616161616266e+01 -1.337104077737667707e+00 1.208484788058374892e+00
1.717171717171717304e+01 -1.101114551389963392e+00 1.234813726780723986e+00
1.818181818181818343e+01 1.660133000051449148e-01 1.259637310505756114e+00
1.919191919191919382e+01 1.277678056405450624e+00 1.283118406355279184e+00
2.020202020202020421e+01 1.192861657081609295e+00 1.305394801066431354e+00
2.121212121212121460e+01 -9.009611368914427487e-03 1.326584100136369404e+00
2.222222222222222499e+01 -1.202443832498118814e+00 1.346787486224656494e+00
2.323232323232323537e+01 -1.269849959783178273e+00 1.366092641420042941e+00
2.424242424242424221e+01 -1.481055496064824784e-01 1.384576047114056019e+00
2.525252525252525260e+01 1.112332249154241337e+00 1.402304814074487815e+00
2.626262626262626299e+01 1.331126913836616854e+00 1.419338153373268074e+00
2.727272727272727337e+01 3.033882595047504571e-01 1.435728569561437462e+00
2.828282828282828376e+01 -1.008458221165325686e+00 1.451522836744669309e+00
2.929292929292929415e+01 -1.375934363853710263e+00 1.466762803301406182e+00
3.030303030303030454e+01 -4.549172670981862510e-01 1.481486060122112480e+00
3.131313131313131493e+01 8.921069405783876860e-01 1.495726499236722740e+00
3.232323232323232531e+01 1.403717925071262140e+00 1.509514783722356146e+00
3.333333333333333570e+01 6.008177642251923967e-01 1.522878745280337620e+00
3.434343434343434609e+01 -7.647179755257679235e-01 1.535843722444705239e+00
3.535353535353535648e+01 -1.414133842533332519e+00 1.548432849752725771e+00
3.636363636363636687e+01 -7.392845820462237150e-01 1.560667306169737367e+00
3.737373737373737725e+01 6.278674590210142625e-01 1.572566529469445085e+00
3.838383838383838764e+01 1.407053244234629297e+00 1.584148402019260216e+00
3.939393939393939803e+01 8.686045256800873915e-01 1.595429412428949423e+00
4.040404040404040842e+01 -4.832485880917894994e-01 1.606424796730412607e+00
4.141414141414141881e+01 -1.382563735602590604e+00 1.617148662122185554e+00
4.242424242424242919e+01 -9.871775708830251572e-01 1.627614095800350658e+00
4.343434343434343958e+01 3.326506745262804987e-01 1.637833260982036521e+00
4.444444444444444997e+01 1.340968315590262083e+00 1.647817481888637525e+00
4.545454545454546036e+01 1.093536660512497205e+00 1.657577319177793829e+00
4.646464646464647075e+01 -1.779370064298889664e-01 1.667122637084024195e+00
4.747474747474748114e+01 -1.282781627790726242e+00 1.676462663338167625e+00
4.848484848484848442e+01 -1.186365855841895689e+00 1.685606042778037272e+00
4.949494949494949481e+01 2.102179450235452940e-02 1.694560885430963726e+00
5.050505050505050519e+01 1.208723592956548520e+00 1.703334809738468847e+00
5.151515151515151558e+01 1.264516618147158100e+00 1.711934981500386366e+00
5.252525252525252597e+01 1.361535117300847197e-01 1.720368149037249328e+00
5.353535353535353636e+01 -1.119710501706571826e+00 1.728640675003239036e+00
5.454545454545454675e+01 -1.327022019119764362e+00 1.736758565225418494e+00
5.555555555555555713e+01 -2.916442446978020353e-01 1.744727494896693987e+00
5.656565656565656752e+01 1.016843677626386944e+00 1.752552832408650563e+00
5.757575757575757791e+01 1.373108704286214454e+00 1.760239661074941564e+00
5.858585858585858830e+01 4.435265793863631401e-01 1.767792798965387435e+00
5.959595959595959869e+01 -9.013958510295230209e-01 1.775216817044594331e+00
6.060606060606060908e+01 -1.402206461415443250e+00 1.782516055786093734e+00
6.161616161616161946e+01 -5.899213360585084942e-01 1.789694640413217019e+00
6.262626262626262985e+01 7.747954119713237331e-01 1.796756494900703993e+00
6.363636363636364024e+01 1.413955275528031352e+00 1.803705354856031784e+00
6.464646464646465063e+01 7.290172305978634970e-01 1.810544779386337177e+00
6.565656565656566102e+01 -6.386087373467327355e-01 1.817278162045305789e+00
6.666666666666667140e+01 -1.408209783218403066e+00 1.823908740944318874e+00
6.767676767676768179e+01 -8.590932848071258787e-01 1.830439608103276550e+00
6.868686868686869218e+01 4.945208107317798918e-01 1.836873718108686493e+00
6.969696969696970257e+01 1.385041071178443550e+00 1.843213896139705543e+00
7.070707070707071296e+01 9.785401193870250092e-01 1.849462845416707024e+00
7.171717171717172334e+01 -3.443143747517596331e-01 1.855623154121525342e+00
7.272727272727273373e+01 -1.344735796670125882e+00 1.861697301833718621e+00
7.373737373737374412e+01 -1.085879866146486350e+00 1.867687665522905993e+00
7.474747474747475451e+01 1.898478739155635697e-01 1.873596525133426338e+00
7.575757575757576490e+01 1.287792640829185764e+00 1.879426068794150195e+00
7.676767676767677528e+01 1.179784453078146278e+00 1.885178397683241469e+00
7.777777777777778567e+01 -3.303246082070732115e-02 1.890855530574931942e+00
7.878787878787879606e+01 -1.214916138681709779e+00 1.896459408092930454e+00
7.979797979797980645e+01 -1.259092036065244891e+00 1.901991896692891482e+00
8.080808080808081684e+01 -1.241916497778671191e-01 1.907454792394393639e+00
8.181818181818182723e+01 1.127007962212387637e+00 1.912849824281099842e+00
8.282828282828283761e+01 1.322821373916921672e+00 1.918178657786166807e+00
8.383838383838384800e+01 2.798791864735058477e-01 1.923442897778524063e+00
8.484848484848485839e+01 -1.025155764335557773e+00 1.928644091464331911e+00
8.585858585858586878e+01 -1.370183968875321678e+00 1.933783731116742732e+00
8.686868686868687917e+01 -4.321038892774998197e-01 1.938863256646017774e+00
8.787878787878788955e+01 9.106197217981600867e-01 1.943884058021068562e+00
8.888888888888889994e+01 1.400593822384836651e+00 1.948847477552618779e+00
8.989898989898991033e+01 5.789823424680263786e-01 1.953754812047362899e+00
9.090909090909092072e+01 -7.848169435139039640e-01 1.958607314841775082e+00
9.191919191919193111e+01 -1.413674685419236354e+00 1.963406197723543745e+00
9.292929292929294149e+01 -7.186972773440107876e-01 1.968152632748005448e+00
9.393939393939395188e+01 6.493039372381349539e-01 1.972847753956385120e+00
9.494949494949496227e+01 1.409264713661270596e+00 1.977492659002148878e+00
9.595959595959597266e+01 8.495200565682023974e-01 1.982088410691297931e+00
9.696969696969696884e+01 -5.057573515162407940e-01 1.986636038442018526e+00
9.797979797979797922e+01 -1.387418469938050292e+00 1.991136539668694860e+00
9.898989898989898961e+01 -9.698320619096401085e-01 1.995590881094944979e+00
1.000000000000000000e+02 3.559532311779251001e-01 2.000000000000000000e+00
